1 0 477768 35541 160 32096 89734 160 108000 -1 1 1 1 1 1 -1 -1 -1
2 83558 1 432024 36 1320 7566 36 432000 -1 0 2 2 2 1 -1 -1 -1
3 195861 1 278442 64 278442 34640 64 432000 -1 1 3 3 3 1 -1 -1 -1
4 278659 2 268225 4 4023 4864 4 345600 -1 1 4 4 4 1 -1 -1 -1
5 339016 1 305581 24 1783 14805 24 432000 -1 0 5 5 5 1 -1 -1 -1
6 339299 1 214651 24 358 2560 24 432000 -1 1 5 5 6 1 -1 -1 -1
7 340144 1 432006 24 720 2005 24 432000 -1 0 5 5 7 1 -1 -1 -1
8 340462 2 370083 24 925 4565 24 432000 -1 0 5 5 7 1 -1 -1 -1
9 352289 2 109634 36 1066 50887 36 432000 -1 1 2 2 8 1 -1 -1 -1
10 352352 1 98910 36 22310 44487 36 432000 -1 1 2 2 8 1 -1 -1 -1
11 354700 2 86412 30 461 6485 30 86400 -1 0 6 6 9 1 -1 -1 -1
12 369016 1 180824 60 874 15582 60 432000 -1 1 2 2 10 1 -1 -1 -1
13 369082 1 292929 60 1123 11657 60 432000 -1 1 2 2 10 1 -1 -1 -1
14 370503 1 246546 36 2671 24121 36 432000 -1 1 2 2 11 1 -1 -1 -1
15 370553 1 163668 36 2500 31801 36 432000 -1 1 2 2 11 1 -1 -1 -1
16 370731 2 157777 36 2454 33536 36 432000 -1 1 2 2 11 1 -1 -1 -1
17 370775 1 160148 36 2491 34560 36 432000 -1 1 2 2 11 1 -1 -1 -1
18 371887 1 319797 36 106155 19428 36 432000 -1 1 2 2 11 1 -1 -1 -1
19 371996 1 432004 36 143761 17038 36 432000 -1 0 2 2 11 1 -1 -1 -1
20 372052 1 432010 36 120 28 36 432000 -1 0 2 2 11 1 -1 -1 -1
21 372423 2 432005 36 3240 16555 36 432000 -1 0 2 2 11 1 -1 -1 -1
22 372462 1 432007 36 3360 15417 36 432000 -1 0 2 2 11 1 -1 -1 -1
23 381544 1 169423 24 18989 24277 24 432000 -1 1 5 5 12 1 -1 -1 -1
24 424136 1 84779 2 2967 145408 2 86400 -1 1 7 7 13 1 -1 -1 -1
25 426342 2 29600 12 3231 157867 12 259200 -1 0 8 8 14 1 -1 -1 -1
26 426353 1 29590 12 3871 186112 12 259200 -1 0 8 8 15 1 -1 -1 -1
27 426395 1 10142 12 203 11691 12 259200 -1 1 8 8 16 1 -1 -1 -1
28 427487 2 25001 1 4250 5120 1 172800 -1 1 9 9 17 1 -1 -1 -1
29 427488 1 28157 1 4505 12288 1 172800 -1 1 9 9 18 1 -1 -1 -1
30 427488 1 26588 1 4254 5120 1 172800 -1 1 9 9 19 1 -1 -1 -1
31 427488 2 172812 1 8641 12288 1 172800 -1 0 9 9 20 1 -1 -1 -1
32 427489 1 28043 1 4487 5120 1 172800 -1 1 9 9 21 1 -1 -1 -1
33 427489 1 172812 1 8641 12288 1 172800 -1 0 9 9 22 1 -1 -1 -1
34 427489 1 29331 1 4400 5120 1 172800 -1 1 9 9 23 1 -1 -1 -1
35 427490 0 172812 1 8641 12288 1 172800 -1 0 9 9 24 1 -1 -1 -1
36 427490 6 25680 1 4366 5120 1 172800 -1 1 9 9 25 1 -1 -1 -1
37 427490 6 172806 1 8640 12288 1 172800 -1 0 9 9 26 1 -1 -1 -1
38 427491 5 27546 1 4407 5120 1 172800 -1 1 9 9 27 1 -1 -1 -1
39 427491 5 172806 1 8640 12288 1 172800 -1 0 9 9 28 1 -1 -1 -1
40 427491 5 29020 1 4643 5120 1 172800 -1 1 9 9 29 1 -1 -1 -1
41 427492 4 172806 1 8640 12288 1 172800 -1 0 9 9 30 1 -1 -1 -1
42 427492 4 26609 1 4524 5120 1 172800 -1 1 9 9 31 1 -1 -1 -1
43 427492 4 172806 1 8640 12288 1 172800 -1 0 9 9 32 1 -1 -1 -1
44 430397 1 6988 1 3634 1024 1 172800 -1 1 9 9 33 1 -1 -1 -1
45 430397 1 6849 1 2534 1024 1 172800 -1 1 9 9 34 1 -1 -1 -1
46 430397 1 6678 1 2538 1024 1 172800 -1 1 9 9 35 1 -1 -1 -1
47 430398 2 6600 1 2508 1024 1 172800 -1 1 9 9 36 1 -1 -1 -1
48 430398 2 7011 1 3646 1024 1 172800 -1 1 9 9 37 1 -1 -1 -1
49 430398 2 6808 1 2519 1024 1 172800 -1 1 9 9 38 1 -1 -1 -1
50 430399 1 6636 1 2522 1024 1 172800 -1 1 9 9 39 1 -1 -1 -1
51 430399 1 6528 1 2546 1024 1 172800 -1 1 9 9 40 1 -1 -1 -1
52 430418 1 86402 6 1296 11776 6 86400 -1 0 10 10 41 1 -1 -1 -1
53 430986 1 6700 1 3685 1024 1 172800 -1 1 9 9 42 1 -1 -1 -1
54 430987 0 10219 1 4292 5120 1 172800 -1 1 9 9 43 1 -1 -1 -1
55 430987 0 10219 1 4292 12288 1 172800 -1 1 9 9 44 1 -1 -1 -1
56 430987 2 7132 1 3780 1024 1 172800 -1 1 9 9 45 1 -1 -1 -1
57 430987 2 10217 1 4291 5120 1 172800 -1 1 9 9 46 1 -1 -1 -1
58 430988 1 10217 1 4291 12288 1 172800 -1 1 9 9 47 1 -1 -1 -1
59 430988 1 6918 1 3736 1024 1 172800 -1 1 9 9 48 1 -1 -1 -1
60 430988 1 155390 1 20201 5120 1 172800 -1 1 9 9 49 1 -1 -1 -1
61 430989 2 172811 1 10369 12288 1 172800 -1 0 9 9 50 1 -1 -1 -1
62 430989 2 7106 1 3766 1024 1 172800 -1 1 9 9 51 1 -1 -1 -1
63 430989 2 155944 1 18713 5120 1 172800 -1 1 9 9 52 1 -1 -1 -1
64 430990 1 172811 1 10369 12288 1 172800 -1 0 9 9 53 1 -1 -1 -1
65 430990 1 7588 1 3946 1024 1 172800 -1 1 9 9 54 1 -1 -1 -1
66 430990 1 151909 1 15191 5120 1 172800 -1 1 9 9 55 1 -1 -1 -1
67 430991 0 172811 1 10369 12288 1 172800 -1 0 9 9 56 1 -1 -1 -1
68 430991 3 7077 1 3822 1024 1 172800 -1 1 9 9 57 1 -1 -1 -1
69 430991 3 154066 1 18488 5120 1 172800 -1 1 9 9 58 1 -1 -1 -1
70 430992 2 172808 1 10368 12288 1 172800 -1 0 9 9 59 1 -1 -1 -1
71 430992 2 6906 1 3660 1024 1 172800 -1 1 9 9 60 1 -1 -1 -1
72 430992 2 154207 1 20047 5120 1 172800 -1 1 9 9 61 1 -1 -1 -1
73 430992 2 172808 1 10368 12288 1 172800 -1 0 9 9 62 1 -1 -1 -1
74 430993 1 6734 1 3636 1024 1 172800 -1 1 9 9 63 1 -1 -1 -1
75 430993 1 154609 1 18553 5120 1 172800 -1 1 9 9 64 1 -1 -1 -1
76 430994 2 172806 1 10368 12288 1 172800 -1 0 9 9 65 1 -1 -1 -1
77 431217 2 18491 4 324 256 4 43200 -1 0 11 11 66 0 -1 -1 -1
78 431466 1 7210 1 72 1024 1 7200 -1 0 12 12 66 0 -1 -1 -1
79 431853 1 2702 1 27 1024 1 7200 -1 1 13 13 66 0 -1 -1 -1
80 432282 1 7209 1 72 4096 1 7200 -1 0 12 12 66 0 -1 -1 -1
81 433366 1 252 80 0 13 80 21600 -1 0 13 13 67 1 -1 -1 -1
82 433809 2 43 1 1 1024 1 7200 -1 1 14 14 66 0 -1 -1 -1
83 433872 2 20 1 2 1024 1 7200 -1 1 14 14 68 1 -1 -1 -1
84 433874 1 20 1 0 1024 1 7200 -1 1 14 14 68 1 -1 -1 -1
85 433875 1 20 1 2 1024 1 7200 -1 1 14 14 68 1 -1 -1 -1
86 433910 1 21 1 3 1024 1 7200 -1 1 14 14 68 1 -1 -1 -1
87 433910 1 21 1 3 1024 1 7200 -1 1 14 14 68 1 -1 -1 -1
88 433911 2 20 1 2 1024 1 7200 -1 1 14 14 68 1 -1 -1 -1
89 433912 1 20 1 2 1024 1 7200 -1 1 14 14 68 1 -1 -1 -1
90 433912 2 22 1 4 2048 1 7200 -1 1 14 14 68 1 -1 -1 -1
91 433913 1 22 1 4 2048 1 7200 -1 1 14 14 68 1 -1 -1 -1
92 433913 1 22 1 4 2048 1 7200 -1 1 14 14 68 1 -1 -1 -1
93 433914 2 21 1 3 1024 1 7200 -1 1 14 14 68 1 -1 -1 -1
94 433914 2 21 1 3 1024 1 7200 -1 1 14 14 68 1 -1 -1 -1
95 433938 1 8301 1 332 14336 1 43200 -1 0 15 15 66 0 -1 -1 -1
96 434439 1 1749 80 27 23808 80 21600 -1 1 13 13 67 1 -1 -1 -1
97 434723 1 11 1 0 0 1 7200 -1 1 14 14 69 1 -1 -1 -1
98 434725 1 11 1 6 4096 1 7200 -1 1 14 14 69 1 -1 -1 -1
99 434726 1 12 1 6 4096 1 7200 -1 1 14 14 69 1 -1 -1 -1
100 434727 2 11 1 6 4096 1 7200 -1 1 14 14 69 1 -1 -1 -1
101 434729 1 11 1 6 4096 1 7200 -1 1 14 14 69 1 -1 -1 -1
102 434730 0 11 1 6 4096 1 7200 -1 1 14 14 69 1 -1 -1 -1
103 434834 1 10 1 0 0 1 7200 -1 1 14 14 69 1 -1 -1 -1
104 435069 1 584 1 543 1298432 1 259200 -1 1 15 15 70 1 -1 -1 -1
105 435075 1 599 1 593 1385472 1 259200 -1 1 15 15 71 1 -1 -1 -1
106 435081 1 593 1 587 1377280 1 259200 -1 1 15 15 72 1 -1 -1 -1
107 435150 1 1042 1 1042 1234944 1 259200 -1 1 15 15 73 1 -1 -1 -1
108 435156 2 1119 1 1119 1412096 1 259200 -1 1 15 15 74 1 -1 -1 -1
109 435162 2 1451 1 1436 2202624 1 259200 -1 1 15 15 75 1 -1 -1 -1
110 435179 1 1091 1 753 2484224 1 259200 -1 1 15 15 76 1 -1 -1 -1
111 435185 1 3889 1 3306 3723264 1 259200 -1 1 15 15 77 1 -1 -1 -1
112 435242 1 6356 1 4004 1662976 1 259200 -1 1 15 15 78 1 -1 -1 -1
113 435249 1 6311 1 3976 1730560 1 259200 -1 1 15 15 79 1 -1 -1 -1
114 435357 2 894 12 884 183808 12 36000 -1 1 16 16 80 1 -1 -1 -1
115 435829 1 161 1 2 1024 1 7200 -1 1 14 14 66 0 -1 -1 -1
116 436205 1 7211 1 72 1024 1 7200 -1 0 13 13 66 0 -1 -1 -1
117 437527 1 2396 60 71 47565 60 21600 -1 1 13 13 67 1 -1 -1 -1
118 438107 1 17 24 0 2432 24 432000 -1 0 5 5 5 1 -1 -1 -1
119 438241 1 171 24 35 46165 24 432000 -1 0 5 5 5 1 -1 -1 -1
120 438592 1 232 12 53 13483 12 3600 -1 1 1 1 1 1 -1 -1 -1
121 439430 1 234 12 57 14421 12 3600 -1 1 1 1 1 1 -1 -1 -1
122 439478 2 7205 1 6412 5090304 1 7200 -1 0 12 12 66 0 -1 -1 -1
123 439611 1 101 12 94 87040 12 36000 -1 0 16 16 81 1 -1 -1 -1
124 439647 1 7204 1 1729 321536 1 7200 -1 0 12 12 66 0 -1 -1 -1
125 439714 1 204 12 193 98219 12 36000 -1 1 16 16 81 1 -1 -1 -1
126 439734 1 352 12 346 117504 12 36000 -1 1 16 16 80 1 -1 -1 -1
127 439741 1 6544 1 4777 2548736 1 259200 -1 1 15 15 82 1 -1 -1 -1
128 439749 1 6363 1 4709 2607104 1 259200 -1 1 15 15 78 1 -1 -1 -1
129 439756 1 714 1 714 1583104 1 259200 -1 1 15 15 79 1 -1 -1 -1
130 439762 2 747 1 740 1020928 1 259200 -1 1 15 15 76 1 -1 -1 -1
131 439769 2 885 1 876 1457152 1 259200 -1 1 15 15 77 1 -1 -1 -1
132 439775 1 3921 1 3843 3329024 1 259200 -1 1 15 15 83 1 -1 -1 -1
133 439787 1 615 1 609 1345536 1 259200 -1 1 15 15 70 1 -1 -1 -1
134 439793 1 646 1 627 1329152 1 259200 -1 1 15 15 71 1 -1 -1 -1
135 439798 1 637 1 624 1354752 1 259200 -1 1 15 15 72 1 -1 -1 -1
136 439806 2 4255 4 1021 227584 4 43200 -1 1 17 17 84 2 -1 -1 -1
137 439807 1 4184 4 1036 236544 4 43200 -1 1 17 17 85 2 -1 -1 -1
138 439807 1 4202 4 1040 235776 4 43200 -1 1 17 17 86 2 -1 -1 -1
139 439807 1 1904 4 466 84992 4 43200 -1 1 17 17 87 2 -1 -1 -1
140 439808 2 2211 4 536 96512 4 43200 -1 1 17 17 88 2 -1 -1 -1
141 439808 2 2191 4 537 97792 4 43200 -1 1 17 17 89 2 -1 -1 -1
142 439808 2 4460 4 1070 242176 4 43200 -1 1 17 17 90 2 -1 -1 -1
143 439809 1 4356 4 1045 237824 4 43200 -1 1 17 17 91 2 -1 -1 -1
144 439815 2 1017 1 1007 1405952 1 259200 -1 1 15 15 73 1 -1 -1 -1
145 439819 1 1305 1 1305 2350080 1 259200 -1 1 15 15 74 1 -1 -1 -1
146 439824 1 1381 1 1381 2269184 1 259200 -1 1 15 15 75 1 -1 -1 -1
147 439889 1 230 12 57 14677 12 3600 -1 1 1 1 1 1 -1 -1 -1
148 440088 1 10 1 5 4096 1 7200 -1 1 14 14 92 1 -1 -1 -1
149 440146 2 722 1 419 4096 1 7200 -1 0 14 14 93 1 -1 -1 -1
150 440850 1 6372 80 311 91149 80 21600 -1 1 13 13 94 1 -1 -1 -1
151 441252 1 19760 80 1689 153114 80 21600 -1 0 13 13 95 1 -1 -1 -1
152 442473 1 179 24 38 47915 24 432000 -1 1 5 5 5 1 -1 -1 -1
153 444090 1 178 24 39 48853 24 432000 -1 1 5 5 5 1 -1 -1 -1
154 444562 2 613 24 78 32299 24 432000 -1 0 5 5 5 1 -1 -1 -1
155 444837 1 6034 36 1530 53732 36 432000 -1 1 2 2 96 1 -1 -1 -1
156 444894 1 56 1 3 1024 1 7200 -1 1 14 14 66 0 -1 -1 -1
157 444952 1 109 1 19 2048 1 7200 -1 1 14 14 66 0 -1 -1 -1
158 445026 1 1322 36 425 25060 36 432000 -1 1 2 2 97 1 -1 -1 -1
159 445062 1 46 1 6 1024 1 7200 -1 1 14 14 66 0 -1 -1 -1
160 445089 1 15907 1 1909 63488 1 43200 -1 1 15 15 66 0 -1 -1 -1
161 445110 2 4626 1 1064 2048 1 7200 -1 0 14 14 66 0 -1 -1 -1
162 445539 2 179 24 37 47531 24 432000 -1 1 5 5 5 1 -1 -1 -1
163 445700 1 193 20 1 51 20 7200 -1 0 13 13 94 1 -1 -1 -1
164 445704 2 191 20 0 51 20 7200 -1 0 13 13 95 1 -1 -1 -1
165 445829 1 432005 24 2520 13867 24 432000 -1 0 5 5 5 1 -1 -1 -1
166 445918 2 504 20 4 51 20 7200 -1 1 13 13 98 1 -1 -1 -1
167 445927 1 485 20 1 51 20 7200 -1 1 13 13 99 1 -1 -1 -1
168 446349 1 1076 1 11 1024 1 7200 -1 1 13 13 66 0 -1 -1 -1
169 446487 1 938 1 919 1559552 1 259200 -1 1 15 15 76 1 -1 -1 -1
170 446492 1 2652 1 2519 3494912 1 259200 -1 1 15 15 77 1 -1 -1 -1
171 446697 1 3210 1 3210 5976064 1 7200 -1 1 12 12 66 0 -1 -1 -1
172 446715 1 49 1 1 1024 1 900 -1 1 18 18 66 0 -1 -1 -1
173 447351 2 7 4 0 256 4 900 -1 1 18 18 100 1 -1 -1 -1
174 447401 1 4 4 0 0 4 3600 -1 1 18 18 100 1 -1 -1 -1
175 447611 1 970 1 10 1024 1 7200 -1 1 9 9 66 0 -1 -1 -1
176 447911 2 5425 1 3255 543744 1 7200 -1 1 12 12 66 0 -1 -1 -1
177 447973 1 6178 1 62 1024 1 7200 -1 1 19 19 66 0 -1 -1 -1
178 448348 2 3539 1 3539 3546112 1 259200 -1 1 15 15 76 1 -1 -1 -1
179 448987 1 81 1 4 2048 1 900 -1 0 18 18 66 0 -1 -1 -1
180 449399 1 181 1 4 2048 1 900 -1 1 18 18 66 0 -1 -1 -1
181 449738 1 65 4 14 12032 4 60 -1 0 18 18 100 1 -1 -1 -1
182 449818 1 3382 1 3382 2745344 1 259200 -1 1 15 15 77 1 -1 -1 -1
183 449977 1 7211 1 72 1024 1 7200 -1 0 20 20 66 0 -1 -1 -1
184 450152 1 2056 4 509 13824 4 432000 -1 0 18 18 100 1 -1 -1 -1
185 450969 2 86403 6 1872 13483 6 86400 -1 0 10 10 41 1 -1 -1 -1
186 451566 2 303 4 73 13312 4 86400 -1 0 18 18 100 1 -1 -1 -1
187 452841 1 548 1 543 1344512 1 259200 -1 1 15 15 101 1 -1 -1 -1
188 452846 1 1305 1 1305 2345984 1 259200 -1 1 15 15 102 1 -1 -1 -1
189 453283 1 131 1 101 2132992 1 7200 -1 1 12 12 66 0 -1 -1 -1
190 453338 2 500 12 208 729003 12 432000 -1 1 12 12 103 1 -1 -1 -1
191 453428 2 195 80 0 13 80 7200 -1 1 13 13 99 1 -1 -1 -1
192 453444 1 146 80 0 13 80 7200 -1 1 13 13 98 1 -1 -1 -1
193 453752 1 80334 4 2611 15616 4 86400 -1 1 18 18 104 1 -1 -1 -1
194 453804 1 86412 4 2808 15616 4 86400 -1 0 18 18 105 1 -1 -1 -1
195 453832 1 1813 4 449 13824 4 86400 -1 1 18 18 106 1 -1 -1 -1
196 453858 1 1788 4 443 13824 4 86400 -1 1 18 18 107 1 -1 -1 -1
197 453880 1 16086 4 1448 14848 4 86400 -1 1 18 18 108 1 -1 -1 -1
198 453900 1 86418 4 2809 15616 4 86400 -1 0 18 18 109 1 -1 -1 -1
199 453923 2 86415 4 2808 15616 4 86400 -1 0 18 18 110 1 -1 -1 -1
200 453944 1 86418 4 2809 15616 4 86400 -1 0 18 18 111 1 -1 -1 -1
201 454033 1 30118 1 30118 2048 1 172800 -1 1 9 9 112 1 -1 -1 -1
202 454033 1 29463 1 29463 2048 1 172800 -1 1 9 9 113 1 -1 -1 -1
203 454034 2 28797 1 28797 2048 1 172800 -1 1 9 9 114 1 -1 -1 -1
204 454034 2 28021 1 28021 2048 1 172800 -1 1 9 9 115 1 -1 -1 -1
205 454034 2 6 1 0 0 1 172800 -1 1 9 9 116 1 -1 -1 -1
206 454034 2 6 1 0 0 1 172800 -1 1 9 9 117 1 -1 -1 -1
207 454035 1 27676 1 27676 2048 1 172800 -1 1 9 9 118 1 -1 -1 -1
208 454035 3 27056 1 27056 2048 1 172800 -1 1 9 9 119 1 -1 -1 -1
209 454035 3 26439 1 26439 2048 1 172800 -1 1 9 9 120 1 -1 -1 -1
210 454036 2 25771 1 25771 2048 1 172800 -1 1 9 9 121 1 -1 -1 -1
211 454036 2 6 1 0 0 1 172800 -1 1 9 9 122 1 -1 -1 -1
212 454036 2 6 1 0 0 1 172800 -1 1 9 9 123 1 -1 -1 -1
213 454308 2 1337 1 1337 2281472 1 259200 -1 1 15 15 102 1 -1 -1 -1
214 454308 2 32213 1 32213 2048 1 259200 -1 1 9 9 124 1 -1 -1 -1
215 454309 1 31805 1 31805 2048 1 259200 -1 1 9 9 125 1 -1 -1 -1
216 454309 2 33934 1 33934 2048 1 259200 -1 1 9 9 126 1 -1 -1 -1
217 454310 1 33547 1 33547 2048 1 259200 -1 1 9 9 127 1 -1 -1 -1
218 455971 1 3822 12 443 68096 12 259200 -1 1 8 8 14 1 -1 -1 -1
219 455976 2 12536 12 1891 192597 12 259200 -1 0 8 8 15 1 -1 -1 -1
220 456211 1 2686 1 81 104448 1 7200 -1 1 20 20 66 0 -1 -1 -1
221 457210 1 150 12 138 573867 12 259200 -1 0 3 3 128 1 -1 -1 -1
222 459357 2 347194 24 1302 4608 24 432000 -1 0 5 5 7 1 -1 -1 -1
223 459909 1 17856 1 15178 1112064 1 43200 -1 1 21 21 66 0 -1 -1 -1
224 459993 1 346400 24 1732 6656 24 432000 -1 0 5 5 7 1 -1 -1 -1
225 460078 2 17681 1 707 1024 1 43200 -1 1 21 21 66 0 -1 -1 -1
226 460351 1 1032 1 1022 1425408 1 259200 -1 1 15 15 74 1 -1 -1 -1
227 460357 1 1402 1 1374 2334720 1 259200 -1 1 15 15 75 1 -1 -1 -1
228 460424 2 546 1 5 1024 1 7200 -1 1 13 13 66 0 -1 -1 -1
229 460976 1 21 1 1 1024 1 7200 -1 1 13 13 66 0 -1 -1 -1
230 460988 1 2 32 0 0 32 432000 -1 1 22 22 9 1 -1 -1 -1
231 461292 1 432011 24 2520 12416 24 432000 -1 0 5 5 5 1 -1 -1 -1
232 461299 2 28804 60 5842 343040 60 28800 -1 0 13 13 67 1 -1 -1 -1
233 461526 1 5973 1 1792 44032 1 7200 -1 1 16 16 66 0 -1 -1 -1
234 461623 1 219826 24 1099 6613 24 432000 -1 1 5 5 6 1 -1 -1 -1
235 461749 1 7588 12 2074 2133675 12 14400 -1 0 20 20 66 0 -1 -1 -1
236 461913 1 1472 60 33 37751 60 28800 -1 1 13 13 94 1 -1 -1 -1
237 462172 300 28761 60 4674 291345 60 28749 -1 0 13 13 95 1 -1 -1 -1
238 462200 1 1210 1 1198 1518592 1 259200 -1 1 15 15 75 1 -1 -1 -1
239 462238 2 1503 1 1488 2208768 1 259200 -1 1 15 15 75 1 -1 -1 -1
240 462281 14843 28507 56 4897 298807 56 28497 -1 0 13 13 129 1 -1 -1 -1
241 462590 22001 5499 56 5 146 56 17670 -1 1 13 13 130 1 -1 -1 -1
242 462625 25549 3291 52 3 276 52 17687 -1 1 13 13 98 1 -1 -1 -1
243 462651 36015 5629 60 3 68 60 17995 -1 1 13 13 99 1 -1 -1 -1
244 462664 39628 5204 60 3 85 60 17969 -1 1 13 13 131 1 -1 -1 -1
245 462743 1 2507 1 25 1024 1 7200 -1 1 20 20 66 0 -1 -1 -1
246 463301 1 154 43 14 378475 43 432000 -1 1 22 22 9 1 -1 -1 -1
247 463327 2 3508 1 2596 141312 1 7200 -1 1 16 16 66 0 -1 -1 -1
248 463984 1 1266 1 1266 2285568 1 259200 -1 1 15 15 132 1 -1 -1 -1
249 465494 1 1264 1 1264 2276352 1 259200 -1 1 15 15 75 1 -1 -1 -1
250 466902 1 1232 1 1220 2110464 1 259200 -1 1 15 15 75 1 -1 -1 -1
