251 467199 1 65861 4 15971 13824 4 345600 -1 1 4 4 133 1 -1 -1 -1
252 467298 2 1279 1 1266 2206720 1 259200 -1 1 15 15 74 1 -1 -1 -1
253 468007 1 961 24 12 160896 24 43200 -1 1 16 16 66 0 -1 -1 -1
254 468533 2 2299 12 316 125611 12 259200 -1 0 8 8 15 1 -1 -1 -1
255 468581 1 1355 1 1341 2166784 1 259200 -1 1 15 15 134 1 -1 -1 -1
256 468587 2 3054 1 3023 1370112 1 259200 -1 1 15 15 135 1 -1 -1 -1
257 468591 1 813 1 805 1434624 1 259200 -1 1 15 15 136 1 -1 -1 -1
258 468595 1 3054 1 3023 2208768 1 259200 -1 1 15 15 137 1 -1 -1 -1
259 468713 1 1253 1 1240 2257920 1 259200 -1 1 15 15 74 1 -1 -1 -1
260 470607 1 1072 1 1061 1413120 1 259200 -1 1 15 15 73 1 -1 -1 -1
261 470614 1 1358 1 1344 2174976 1 259200 -1 1 15 15 74 1 -1 -1 -1
262 470618 1 1256 1 1243 2244608 1 259200 -1 1 15 15 75 1 -1 -1 -1
263 470627 1 329 24 156 546603 24 432000 -1 1 16 16 138 1 -1 -1 -1
264 470849 1 1650 12 10 2048 12 43200 -1 1 8 8 66 0 -1 -1 -1
265 471544 1 192 144 10 15296 144 432000 -1 1 16 16 138 1 -1 -1 -1
266 472113 2 67029 1 12065 592896 1 259200 -1 1 15 15 136 1 -1 -1 -1
267 472117 2 67396 1 12131 543744 1 259200 -1 1 15 15 137 1 -1 -1 -1
268 472540 1 568 6 91 39595 6 172800 -1 1 8 8 139 1 -1 -1 -1
269 472550 1 570 6 92 39936 6 172800 -1 1 8 8 140 1 -1 -1 -1
270 472561 1 506 6 62 28672 6 172800 -1 1 8 8 141 1 -1 -1 -1
271 472571 1 477 6 66 37717 6 172800 -1 1 8 8 142 1 -1 -1 -1
272 472582 1 481 6 62 33621 6 172800 -1 1 8 8 143 1 -1 -1 -1
273 472592 1 506 6 62 29867 6 172800 -1 1 8 8 144 1 -1 -1 -1
274 472603 1 461 6 55 28672 6 172800 -1 1 8 8 145 1 -1 -1 -1
275 472613 1 413 6 43 25429 6 172800 -1 1 8 8 146 1 -1 -1 -1
276 472624 1 462 6 53 27989 6 172800 -1 1 8 8 147 1 -1 -1 -1
277 472634 1 451 6 48 25259 6 172800 -1 1 8 8 148 1 -1 -1 -1
278 472645 1 447 6 57 30208 6 172800 -1 1 8 8 149 1 -1 -1 -1
279 472655 1 422 6 44 24747 6 172800 -1 1 8 8 150 1 -1 -1 -1
280 472666 1 402 6 44 25429 6 172800 -1 1 8 8 151 1 -1 -1 -1
281 472676 1 405 6 36 20651 6 172800 -1 1 8 8 152 1 -1 -1 -1
282 472687 1 378 6 35 20821 6 172800 -1 1 8 8 153 1 -1 -1 -1
283 472697 1 401 6 35 19968 6 172800 -1 1 8 8 154 1 -1 -1 -1
284 472708 1 422 6 39 21333 6 172800 -1 1 8 8 155 1 -1 -1 -1
285 472718 2 409 6 32 17749 6 172800 -1 1 8 8 156 1 -1 -1 -1
286 472729 1 361 6 25 14848 6 172800 -1 1 8 8 157 1 -1 -1 -1
287 472739 2 358 6 24 13995 6 172800 -1 1 8 8 158 1 -1 -1 -1
288 472750 1 357 6 26 15701 6 172800 -1 1 8 8 159 1 -1 -1 -1
289 472760 2 358 6 23 13312 6 172800 -1 1 8 8 160 1 -1 -1 -1
290 472771 1 335 6 17 9899 6 172800 -1 1 8 8 161 1 -1 -1 -1
291 472781 2 304 6 13 8533 6 172800 -1 1 8 8 162 1 -1 -1 -1
292 472792 1 303 6 11 6997 6 172800 -1 1 8 8 163 1 -1 -1 -1
293 472802 2 291 6 9 5803 6 172800 -1 1 8 8 164 1 -1 -1 -1
294 472813 1 288 6 9 5461 6 172800 -1 1 8 8 165 1 -1 -1 -1
295 472823 2 275 6 6 3413 6 172800 -1 1 8 8 166 1 -1 -1 -1
296 472834 1 271 6 5 2901 6 172800 -1 1 8 8 167 1 -1 -1 -1
297 472845 1 286 6 4 1877 6 172800 -1 1 8 8 168 1 -1 -1 -1
298 472855 1 263 6 3 1024 6 172800 -1 1 8 8 169 1 -1 -1 -1
299 472866 1 249 6 2 1195 6 172800 -1 1 8 8 170 1 -1 -1 -1
300 472876 1 218 6 3 1877 6 172800 -1 1 8 8 171 1 -1 -1 -1
301 472887 1 233 6 2 1195 6 172800 -1 1 8 8 172 1 -1 -1 -1
302 472897 1 208 6 2 1024 6 172800 -1 1 8 8 173 1 -1 -1 -1
303 472908 1 211 6 2 853 6 172800 -1 1 8 8 174 1 -1 -1 -1
304 472914 1 117 32 14 32128 32 432000 -1 1 22 22 9 1 -1 -1 -1
305 472918 2 205 6 2 853 6 172800 -1 1 8 8 175 1 -1 -1 -1
306 472929 1 220 6 4 2731 6 172800 -1 1 8 8 176 1 -1 -1 -1
307 472939 2 220 6 4 2731 6 172800 -1 1 8 8 177 1 -1 -1 -1
308 472950 1 220 6 4 2560 6 172800 -1 1 8 8 178 1 -1 -1 -1
309 472960 2 200 6 4 2560 6 172800 -1 1 8 8 179 1 -1 -1 -1
310 472971 1 235 6 4 2048 6 172800 -1 1 8 8 180 1 -1 -1 -1
311 472981 2 230 6 3 1536 6 172800 -1 1 8 8 181 1 -1 -1 -1
312 472992 1 218 6 3 1365 6 172800 -1 1 8 8 182 1 -1 -1 -1
313 473003 1 231 6 5 2560 6 172800 -1 1 8 8 183 1 -1 -1 -1
314 473013 1 190 6 3 1877 6 172800 -1 1 8 8 184 1 -1 -1 -1
315 473024 1 105 6 0 171 6 172800 -1 1 8 8 185 1 -1 -1 -1
316 473034 1 94 6 0 171 6 172800 -1 1 8 8 186 1 -1 -1 -1
317 473045 1 39 6 0 171 6 172800 -1 1 8 8 187 1 -1 -1 -1
318 473374 2 77 12 0 85 12 43200 -1 1 8 8 66 0 -1 -1 -1
319 473469 1 1545 12 111 17152 12 259200 -1 1 8 8 139 1 -1 -1 -1
320 473479 1 1245 12 86 18005 12 259200 -1 1 8 8 140 1 -1 -1 -1
321 473490 1 838 12 57 16299 12 259200 -1 1 8 8 141 1 -1 -1 -1
322 473500 2 1116 12 80 18091 12 259200 -1 1 8 8 142 1 -1 -1 -1
323 473511 1 1237 12 86 19883 12 259200 -1 1 8 8 143 1 -1 -1 -1
324 473521 2 1300 12 93 20821 12 259200 -1 1 8 8 144 1 -1 -1 -1
325 473532 1 1137 12 80 18859 12 259200 -1 1 8 8 145 1 -1 -1 -1
326 473542 2 1018 12 70 17408 12 259200 -1 1 8 8 146 1 -1 -1 -1
327 473553 1 1125 12 79 18773 12 259200 -1 1 8 8 147 1 -1 -1 -1
328 473563 2 1045 12 72 17579 12 259200 -1 1 8 8 148 1 -1 -1 -1
329 473574 1 1048 12 72 17664 12 259200 -1 1 8 8 149 1 -1 -1 -1
330 473584 2 987 12 67 18261 12 259200 -1 1 8 8 150 1 -1 -1 -1
331 473595 1 931 12 61 17237 12 259200 -1 1 8 8 151 1 -1 -1 -1
332 473605 2 909 12 59 16128 12 259200 -1 1 8 8 152 1 -1 -1 -1
333 473616 1 790 12 47 14848 12 259200 -1 1 8 8 153 1 -1 -1 -1
334 473626 2 860 12 53 14848 12 259200 -1 1 8 8 154 1 -1 -1 -1
335 473637 1 950 12 67 18176 12 259200 -1 1 8 8 155 1 -1 -1 -1
336 473647 2 896 12 63 17664 12 259200 -1 1 8 8 156 1 -1 -1 -1
337 473658 1 809 12 53 16128 12 259200 -1 1 8 8 157 1 -1 -1 -1
338 473668 2 828 12 55 15957 12 259200 -1 1 8 8 158 1 -1 -1 -1
339 473679 1 823 12 54 15445 12 259200 -1 1 8 8 159 1 -1 -1 -1
340 473689 2 849 12 52 15957 12 259200 -1 1 8 8 160 1 -1 -1 -1
341 473700 1 679 12 40 13739 12 259200 -1 1 8 8 161 1 -1 -1 -1
342 473711 1 642 12 33 11776 12 259200 -1 1 8 8 162 1 -1 -1 -1
343 473721 1 599 12 25 9643 12 259200 -1 1 8 8 163 1 -1 -1 -1
344 473731 2 589 12 26 10155 12 259200 -1 1 8 8 164 1 -1 -1 -1
345 473742 1 593 12 24 8875 12 259200 -1 1 8 8 165 1 -1 -1 -1
346 473753 1 557 12 22 9045 12 259200 -1 1 8 8 166 1 -1 -1 -1
347 473763 1 535 12 17 6912 12 259200 -1 1 8 8 167 1 -1 -1 -1
348 473774 1 542 12 19 8107 12 259200 -1 1 8 8 168 1 -1 -1 -1
349 473784 1 478 12 11 5035 12 259200 -1 1 8 8 169 1 -1 -1 -1
350 473795 1 438 12 4 1963 12 259200 -1 1 8 8 170 1 -1 -1 -1
351 473805 1 414 12 5 2731 12 259200 -1 1 8 8 171 1 -1 -1 -1
352 473816 1 412 12 3 1792 12 259200 -1 1 8 8 172 1 -1 -1 -1
353 473826 1 381 12 1 597 12 259200 -1 1 8 8 173 1 -1 -1 -1
354 473836 2 382 12 1 427 12 259200 -1 1 8 8 174 1 -1 -1 -1
355 473847 1 376 12 1 256 12 259200 -1 1 8 8 175 1 -1 -1 -1
356 473857 2 381 12 5 3243 12 259200 -1 1 8 8 176 1 -1 -1 -1
357 473868 1 342 12 0 85 12 259200 -1 1 8 8 177 1 -1 -1 -1
358 473878 2 308 12 0 85 12 259200 -1 1 8 8 178 1 -1 -1 -1
359 473889 1 272 12 0 85 12 259200 -1 1 8 8 179 1 -1 -1 -1
360 473899 2 248 12 0 85 12 259200 -1 1 8 8 180 1 -1 -1 -1
361 473910 1 234 12 0 85 12 259200 -1 1 8 8 181 1 -1 -1 -1
362 473921 1 215 12 0 85 12 259200 -1 1 8 8 182 1 -1 -1 -1
363 473931 1 190 12 0 85 12 259200 -1 1 8 8 183 1 -1 -1 -1
364 473942 1 162 12 0 85 12 259200 -1 1 8 8 184 1 -1 -1 -1
365 473952 155 101 12 0 85 12 259200 -1 1 8 8 185 1 -1 -1 -1
366 473963 160 98 12 0 85 12 259200 -1 1 8 8 186 1 -1 -1 -1
367 473973 166 33 12 0 85 12 259200 -1 1 8 8 187 1 -1 -1 -1
368 473988 1 43212 8 22416 1273088 8 43200 -1 0 20 20 66 0 -1 -1 -1
369 474738 2 4423 4 1050 237312 4 43200 -1 1 17 17 188 2 -1 -1 -1
370 474795 1 4223 4 1045 243200 4 43200 -1 1 17 17 189 2 -1 -1 -1
371 474795 1 2326 4 558 128512 4 43200 -1 0 17 17 190 2 -1 -1 -1
372 474795 1 2322 4 534 86528 4 43200 -1 1 17 17 191 2 -1 -1 -1
373 474796 0 2142 4 525 94720 4 43200 -1 1 17 17 192 2 -1 -1 -1
374 474796 2 2480 4 577 93440 4 43200 -1 1 17 17 193 2 -1 -1 -1
375 474796 2 2324 4 540 87552 4 43200 -1 0 17 17 194 2 -1 -1 -1
376 474797 1 1907 4 448 83456 4 43200 -1 1 17 17 195 2 -1 -1 -1
377 476498 1 7211 1 72 1024 1 7200 -1 0 7 7 66 0 -1 -1 -1
378 477122 2 4379 4 1051 235264 4 43200 -1 1 17 17 190 2 -1 -1 -1
379 477122 2 2585 4 601 97280 4 43200 -1 1 17 17 194 2 -1 -1 -1
380 481655 1 184 144 11 16427 144 432000 -1 1 16 16 138 1 -1 -1 -1
381 482368 1 2 25 0 0 25 3600 -1 1 23 23 196 1 -1 -1 -1
382 482828 1 2 25 0 0 25 3600 -1 1 23 23 197 1 -1 -1 -1
383 482928 1 1 25 0 0 25 3600 -1 1 23 23 198 1 -1 -1 -1
384 484238 2 1 25 0 0 25 3600 -1 1 23 23 199 1 -1 -1 -1
385 484313 1 2 25 0 0 25 3600 -1 1 23 23 200 1 -1 -1 -1
386 486122 2 7211 24 270 384 24 7200 -1 0 24 24 201 1 -1 -1 -1
387 498164 1 43209 12 72 171 12 43200 -1 0 25 25 66 0 -1 -1 -1
388 506769 1 86411 4 2592 15360 4 86400 -1 0 18 18 107 1 -1 -1 -1
389 506798 2 32470 4 2111 15104 4 86400 -1 1 18 18 108 1 -1 -1 -1
390 508920 1 39303 2 4323 618496 2 86400 -1 1 7 7 13 1 -1 -1 -1
391 509497 1 11841 80 1027 157773 80 21600 -1 0 13 13 94 1 -1 -1 -1
392 509865 1 108011 12 10801 97963 12 108000 -1 0 1 1 1 1 -1 -1 -1
393 509872 1 108004 12 10890 130731 12 108000 -1 0 1 1 1 1 -1 -1 -1
394 509878 1 108012 12 10801 170752 12 108000 -1 0 1 1 1 1 -1 -1 -1
395 510016 7368 3916 60 3 102 60 17937 -1 0 13 13 98 1 -1 -1 -1
396 513145 1 209 1 96 197632 1 43200 -1 0 15 15 66 0 -1 -1 -1
397 513173 2 189 144 10 15360 144 432000 -1 1 16 16 138 1 -1 -1 -1
398 513414 2 513 1 154 130048 1 43200 -1 0 15 15 66 0 -1 -1 -1
399 513714 1 93404 1 14011 405504 1 259200 -1 1 15 15 135 1 -1 -1 -1
400 513720 1 1220 1 1171 1350656 1 259200 -1 1 15 15 134 1 -1 -1 -1
401 513728 2 1461 1 1446 1899520 1 259200 -1 1 15 15 73 1 -1 -1 -1
402 513733 1 1003 1 993 1388544 1 259200 -1 1 15 15 74 1 -1 -1 -1
403 513737 2 1327 1 1314 2364416 1 259200 -1 1 15 15 75 1 -1 -1 -1
404 513962 1 125113 8 120890 11776 8 432000 -1 1 26 26 202 1 -1 -1 -1
405 513962 1 127477 8 123175 11776 8 432000 -1 1 26 26 203 1 -1 -1 -1
406 513963 1 126281 8 121703 11776 8 432000 -1 1 26 26 204 1 -1 -1 -1
407 513963 1 122959 8 118655 11776 8 432000 -1 1 26 26 205 1 -1 -1 -1
408 513964 0 125223 8 120840 11776 8 432000 -1 1 26 26 206 1 -1 -1 -1
409 513964 2 120996 8 116912 11776 8 432000 -1 1 26 26 207 1 -1 -1 -1
410 513965 1 121457 8 116902 11776 8 432000 -1 1 26 26 208 1 -1 -1 -1
411 513965 1 120597 8 116225 11776 8 432000 -1 1 26 26 209 1 -1 -1 -1
412 513966 1 119517 8 115185 11776 8 432000 -1 1 26 26 210 1 -1 -1 -1
413 513967 0 121012 8 116625 11776 8 432000 -1 1 26 26 211 1 -1 -1 -1
414 514112 1 53375 8 49639 10240 8 432000 -1 1 26 26 212 1 -1 -1 -1
415 514112 1 54332 8 50733 10240 8 432000 -1 1 26 26 213 1 -1 -1 -1
416 514113 1 54268 8 50537 10240 8 432000 -1 1 26 26 214 1 -1 -1 -1
417 514113 1 57517 8 49896 9728 8 432000 -1 1 26 26 215 1 -1 -1 -1
418 514114 0 57626 8 53448 10368 8 432000 -1 1 26 26 216 1 -1 -1 -1
419 514114 2 59021 8 54594 10368 8 432000 -1 1 26 26 217 1 -1 -1 -1
420 514115 1 58420 8 51483 9856 8 432000 -1 1 26 26 218 1 -1 -1 -1
421 514115 1 43859 8 40405 10112 8 432000 -1 1 26 26 219 1 -1 -1 -1
422 514116 1 44487 8 41039 10112 8 432000 -1 1 26 26 220 1 -1 -1 -1
423 514116 1 43383 8 39858 10112 8 432000 -1 1 26 26 221 1 -1 -1 -1
424 514117 0 43280 8 39872 10112 8 432000 -1 1 26 26 222 1 -1 -1 -1
425 514117 2 43381 8 39911 10112 8 432000 -1 1 26 26 223 1 -1 -1 -1
426 514118 1 44256 8 40771 10112 8 432000 -1 1 26 26 224 1 -1 -1 -1
427 514118 1 43174 8 39720 10112 8 432000 -1 1 26 26 225 1 -1 -1 -1
428 514119 2 43265 8 39912 10112 8 432000 -1 1 26 26 226 1 -1 -1 -1
429 514119 2 42517 8 39116 10112 8 432000 -1 1 26 26 227 1 -1 -1 -1
430 514120 1 42542 8 39085 10112 8 432000 -1 1 26 26 228 1 -1 -1 -1
431 514120 2 41726 8 38336 10112 8 432000 -1 1 26 26 229 1 -1 -1 -1
432 514121 1 42323 8 38831 10112 8 432000 -1 1 26 26 230 1 -1 -1 -1
433 514122 0 42019 8 38552 10112 8 432000 -1 1 26 26 231 1 -1 -1 -1
434 514122 2 42372 8 38876 10112 8 432000 -1 1 26 26 202 1 -1 -1 -1
435 514122 2 42822 8 39396 10112 8 432000 -1 1 26 26 203 1 -1 -1 -1
436 514123 1 42641 8 39230 10112 8 432000 -1 1 26 26 204 1 -1 -1 -1
437 514124 1 42985 8 39492 10112 8 432000 -1 1 26 26 205 1 -1 -1 -1
438 514124 1 42413 8 38967 10112 8 432000 -1 1 26 26 206 1 -1 -1 -1
439 514125 0 44627 8 41168 10240 8 432000 -1 1 26 26 207 1 -1 -1 -1
440 514125 2 46574 8 43023 10240 8 432000 -1 1 26 26 208 1 -1 -1 -1
441 514126 1 45179 8 41678 10240 8 432000 -1 1 26 26 209 1 -1 -1 -1
442 514126 1 45003 8 41515 10240 8 432000 -1 1 26 26 210 1 -1 -1 -1
443 514127 2 44544 8 40869 10112 8 432000 -1 1 26 26 211 1 -1 -1 -1
444 514263 1 44131 8 40545 10112 8 432000 -1 1 26 26 212 1 -1 -1 -1
445 514264 0 44227 8 40689 10112 8 432000 -1 1 26 26 213 1 -1 -1 -1
446 514264 2 45104 8 41552 10112 8 432000 -1 1 26 26 214 1 -1 -1 -1
447 514265 1 44444 8 40777 10112 8 432000 -1 1 26 26 215 1 -1 -1 -1
448 514265 1 44250 8 40821 10112 8 432000 -1 1 26 26 216 1 -1 -1 -1
449 514266 2 43802 8 40407 10112 8 432000 -1 1 26 26 217 1 -1 -1 -1
450 514266 2 44147 8 40726 10112 8 432000 -1 1 26 26 218 1 -1 -1 -1
451 514267 1 42143 8 38561 10112 8 432000 -1 1 26 26 219 1 -1 -1 -1
452 514267 2 42870 8 39387 10112 8 432000 -1 1 26 26 220 1 -1 -1 -1
453 514268 1 42080 8 38608 10112 8 432000 -1 1 26 26 221 1 -1 -1 -1
454 514471 2 93465 8 89726 11776 8 432000 -1 1 27 27 202 1 -1 -1 -1
455 514472 1 92250 8 88675 11776 8 432000 -1 1 27 27 203 1 -1 -1 -1
456 514472 2 94500 8 90838 11776 8 432000 -1 1 27 27 204 1 -1 -1 -1
457 514473 1 93053 8 89215 11776 8 432000 -1 1 27 27 205 1 -1 -1 -1
458 514474 0 93185 8 89458 11776 8 432000 -1 1 27 27 206 1 -1 -1 -1
459 514474 2 94630 8 90963 11776 8 432000 -1 1 27 27 207 1 -1 -1 -1
460 514475 1 97355 8 93582 11776 8 432000 -1 1 27 27 208 1 -1 -1 -1
461 514475 1 101838 8 98274 11776 8 432000 -1 1 27 27 209 1 -1 -1 -1
462 514476 2 101994 8 98424 11776 8 432000 -1 1 27 27 210 1 -1 -1 -1
463 514476 2 100054 8 96552 11776 8 432000 -1 1 27 27 211 1 -1 -1 -1
464 514591 1 45201 8 41867 10240 8 432000 -1 1 27 27 229 1 -1 -1 -1
465 514591 1 45528 8 42227 10240 8 432000 -1 1 27 27 230 1 -1 -1 -1
466 514592 2 45460 8 42107 10240 8 432000 -1 1 27 27 231 1 -1 -1 -1
467 514592 2 45544 8 42185 10240 8 432000 -1 1 27 27 202 1 -1 -1 -1
468 514593 1 45597 8 42177 10240 8 432000 -1 1 27 27 203 1 -1 -1 -1
469 514594 1 45633 8 42153 10240 8 432000 -1 1 27 27 204 1 -1 -1 -1
470 514594 1 45646 8 42280 10240 8 432000 -1 1 27 27 205 1 -1 -1 -1
471 514595 990 56849 8 53296 10368 8 432000 -1 1 27 27 206 1 -1 -1 -1
472 514595 990 56656 8 52973 10368 8 432000 -1 1 27 27 207 1 -1 -1 -1
473 514596 989 55807 8 52180 10368 8 432000 -1 1 27 27 208 1 -1 -1 -1
474 514597 2607 55886 8 52044 10368 8 432000 -1 1 27 27 209 1 -1 -1 -1
475 514597 6705 57369 8 53568 10368 8 432000 -1 1 27 27 210 1 -1 -1 -1
476 514598 6704 56119 8 52331 10240 8 432000 -1 1 27 27 211 1 -1 -1 -1
477 514643 6659 57854 8 54021 10240 8 432000 -1 1 27 27 212 1 -1 -1 -1
478 514644 6658 55451 8 51708 10240 8 432000 -1 1 27 27 213 1 -1 -1 -1
479 514644 6658 57304 8 53508 10240 8 432000 -1 1 27 27 214 1 -1 -1 -1
480 514644 6658 57857 8 54169 10368 8 432000 -1 1 27 27 215 1 -1 -1 -1
481 514645 6657 58546 8 54521 10240 8 432000 -1 1 27 27 216 1 -1 -1 -1
482 514645 6657 59162 8 55243 10368 8 432000 -1 1 27 27 217 1 -1 -1 -1
483 514646 6696 55927 8 52432 10368 8 432000 -1 1 27 27 218 1 -1 -1 -1
484 514647 6695 27794 8 26057 10368 8 432000 -1 1 27 27 219 1 -1 -1 -1
485 514647 6695 56340 8 52678 10368 8 432000 -1 1 27 27 220 1 -1 -1 -1
486 514648 6694 25432 8 23525 10240 8 432000 -1 1 27 27 221 1 -1 -1 -1
487 514648 13863 43845 8 40283 10112 8 432000 -1 1 27 27 222 1 -1 -1 -1
488 514649 16277 43554 8 40015 10112 8 432000 -1 1 27 27 223 1 -1 -1 -1
489 514649 16384 44276 8 40789 10112 8 432000 -1 1 27 27 224 1 -1 -1 -1
490 514649 16384 43726 8 40228 10112 8 432000 -1 1 27 27 225 1 -1 -1 -1
491 514650 19581 44207 8 40560 10112 8 432000 -1 1 27 27 226 1 -1 -1 -1
492 514650 19688 44617 8 40992 10112 8 432000 -1 1 27 27 227 1 -1 -1 -1
493 514651 19687 43949 8 40488 10112 8 432000 -1 1 27 27 228 1 -1 -1 -1
494 514652 32249 54601 8 50984 10368 8 432000 -1 1 27 27 229 1 -1 -1 -1
495 514652 34486 57337 8 53252 10240 8 432000 -1 1 27 27 230 1 -1 -1 -1
496 514653 35189 42483 8 38872 10112 8 432000 -1 1 27 27 231 1 -1 -1 -1
497 514653 35189 41836 8 38332 10112 8 432000 -1 1 27 27 202 1 -1 -1 -1
498 514654 35188 42368 8 38820 10112 8 432000 -1 1 27 27 203 1 -1 -1 -1
499 514654 35221 41720 8 38330 10112 8 432000 -1 1 27 27 204 1 -1 -1 -1
500 514655 35220 41789 8 38341 10112 8 432000 -1 1 27 27 205 1 -1 -1 -1
