501 514655 39308 56185 8 52322 10240 8 432000 -1 1 27 27 206 1 -1 -1 -1
502 514656 40278 54058 8 50206 10240 8 432000 -1 1 27 27 207 1 -1 -1 -1
503 514656 41194 41952 8 38491 10112 8 432000 -1 1 27 27 208 1 -1 -1 -1
504 515078 0 2189 4 503 80896 4 43200 -1 1 17 17 232 2 -1 -1 -1
505 515079 0 2303 4 530 84992 4 43200 -1 0 17 17 233 2 -1 -1 -1
506 515250 2 37846 1 2271 154624 1 43200 -1 0 15 15 66 0 -1 -1 -1
507 515826 6 1817 1 18 1024 1 7200 -1 1 28 28 66 0 -1 -1 -1
508 516133 1 1514 1 1514 2239488 1 259200 -1 1 15 15 134 1 -1 -1 -1
509 516375 6 325 12 99 1805056 12 432000 -1 1 12 12 103 1 -1 -1 -1
510 517094 14 112 32 70 7328 32 432000 -1 1 12 12 103 1 -1 -1 -1
511 517220 28710 24754 12 10025 25515 12 36000 -1 1 1 1 1 1 -1 -1 -1
512 517382 2 1622 4 381 65280 4 43200 -1 1 17 17 233 2 -1 -1 -1
513 517711 2 228 32 7 6176 32 432000 -1 1 12 12 103 1 -1 -1 -1
514 517751 1 1190 1 1190 1559552 1 259200 -1 1 15 15 134 1 -1 -1 -1
515 517763 5 133 1 11 3072 1 7200 -1 1 28 28 66 0 -1 -1 -1
516 518795 1 7210 1 1082 38912 1 7200 -1 0 12 12 66 0 -1 -1 -1
517 519271 5 1730 60 0 17 60 7200 -1 1 13 13 234 1 -1 -1 -1
518 519280 12 1498 60 0 17 60 7200 -1 1 13 13 235 1 -1 -1 -1
519 519489 1 27791 2 8198 1890304 2 216000 -1 1 7 7 236 1 -1 -1 -1
520 519489 1 26170 2 7458 1710080 2 216000 -1 1 7 7 237 1 -1 -1 -1
521 519490 0 25893 2 7380 1551872 2 216000 -1 1 7 7 238 1 -1 -1 -1
522 519490 17 25146 2 13453 1674240 2 216000 -1 1 7 7 239 1 -1 -1 -1
523 519490 17 25312 2 13415 1547264 2 216000 -1 1 7 7 240 1 -1 -1 -1
524 519491 16 34888 2 18491 1353728 2 216000 -1 1 7 7 241 1 -1 -1 -1
525 519491 16 34944 2 18520 1451008 2 216000 -1 1 7 7 242 1 -1 -1 -1
526 519491 16 32656 2 17308 1284096 2 216000 -1 1 7 7 243 1 -1 -1 -1
527 519492 15 32552 2 17253 1517568 2 216000 -1 1 7 7 244 1 -1 -1 -1
528 519492 15 32402 2 17173 1536512 2 216000 -1 1 7 7 245 1 -1 -1 -1
529 519492 15 71908 2 37752 929280 2 216000 -1 1 7 7 246 1 -1 -1 -1
530 519492 15 70923 2 37235 952832 2 216000 -1 1 7 7 247 1 -1 -1 -1
531 519493 14 70316 2 36916 992256 2 216000 -1 1 7 7 248 1 -1 -1 -1
532 519493 14 65729 2 12160 1009664 2 216000 -1 1 7 7 249 1 -1 -1 -1
533 519493 14 65992 2 12209 881152 2 216000 -1 1 7 7 250 1 -1 -1 -1
534 519494 13 37328 2 8399 1482752 2 216000 -1 1 7 7 251 1 -1 -1 -1
535 519494 13 37412 2 8231 1519104 2 216000 -1 1 7 7 252 1 -1 -1 -1
536 519494 13 37274 2 8387 1435648 2 216000 -1 1 7 7 253 1 -1 -1 -1
537 519495 12 37304 2 8207 1459712 2 216000 -1 1 7 7 254 1 -1 -1 -1
538 519495 12 37412 2 8044 1456640 2 216000 -1 1 7 7 255 1 -1 -1 -1
539 519495 12 51787 2 9581 1045504 2 216000 -1 1 7 7 256 1 -1 -1 -1
540 519495 12 50443 2 9836 1240576 2 216000 -1 1 7 7 257 1 -1 -1 -1
541 519496 11 51212 2 10242 1068032 2 216000 -1 1 7 7 258 1 -1 -1 -1
542 519496 11 49947 2 9240 1071104 2 216000 -1 1 7 7 259 1 -1 -1 -1
543 519496 11 67181 2 10749 863744 2 216000 -1 1 7 7 260 1 -1 -1 -1
544 519497 10 66263 2 12259 894976 2 216000 -1 1 7 7 261 1 -1 -1 -1
545 519497 10 66172 2 12573 1001984 2 216000 -1 1 7 7 262 1 -1 -1 -1
546 519497 10 61321 2 11958 1042432 2 216000 -1 1 7 7 263 1 -1 -1 -1
547 519498 9 61303 2 11954 1041920 2 216000 -1 1 7 7 264 1 -1 -1 -1
548 519498 9 62497 2 11249 1168896 2 216000 -1 1 7 7 265 1 -1 -1 -1
549 519498 9 64048 2 11529 1029120 2 216000 -1 1 7 7 266 1 -1 -1 -1
550 519498 9 65129 2 12049 941056 2 216000 -1 1 7 7 267 1 -1 -1 -1
551 519499 8 54847 2 9872 1121792 2 216000 -1 1 7 7 268 1 -1 -1 -1
552 519499 8 54303 2 10046 1020928 2 216000 -1 1 7 7 269 1 -1 -1 -1
553 519500 7 53230 2 10114 1140736 2 216000 -1 1 7 7 270 1 -1 -1 -1
554 519500 7 53126 2 9563 1079296 2 216000 -1 1 7 7 271 1 -1 -1 -1
555 519500 7 48604 2 9721 1326592 2 216000 -1 1 7 7 272 1 -1 -1 -1
556 519501 6 47624 2 9049 1299456 2 216000 -1 1 7 7 273 1 -1 -1 -1
557 519501 6 40963 2 9012 1058304 2 216000 -1 1 7 7 274 1 -1 -1 -1
558 519502 5 48459 2 8965 907776 2 216000 -1 1 7 7 275 1 -1 -1 -1
559 519502 5 17638 2 6085 1816576 2 216000 -1 1 7 7 276 1 -1 -1 -1
560 519503 4 14455 2 5132 2448896 2 216000 -1 1 7 7 277 1 -1 -1 -1
561 519503 4 14453 2 5131 2456576 2 216000 -1 1 7 7 278 1 -1 -1 -1
562 519503 4 14055 2 4990 2478592 2 216000 -1 1 7 7 279 1 -1 -1 -1
563 519504 3 14687 2 5287 2310144 2 216000 -1 1 7 7 280 1 -1 -1 -1
564 519576 56854 432002 60 3024 9199 60 432000 -1 0 28 28 281 1 -1 -1 -1
565 521040 39203 432004 36 5640 20679 36 432000 -1 0 2 2 2 1 -1 -1 -1
566 521181 46789 4802 36 1461 53817 36 432000 -1 1 2 2 96 1 -1 -1 -1
567 521322 47065 1489 36 486 25714 36 432000 -1 1 2 2 97 1 -1 -1 -1
568 521503 1 2092 1 42 1024 1 7200 -1 1 13 13 66 0 -1 -1 -1
569 521515 5 164 1 2 1024 1 7200 -1 1 2 2 66 0 -1 -1 -1
570 523343 8 7203 1 72 1024 1 7200 -1 0 29 29 66 0 -1 -1 -1
571 523596 4915 47917 24 499 13611 24 432000 -1 1 5 5 7 1 -1 -1 -1
572 525104 44773 5630 36 1497 58084 36 432000 -1 1 2 2 282 1 -1 -1 -1
573 525589 2 7209 1 6993 9588736 1 7200 -1 0 22 22 66 0 -1 -1 -1
574 526190 1 355 12 113 1195 12 432000 -1 1 12 12 283 1 -1 -1 -1
575 527054 1 873 12 76 142080 12 432000 -1 1 12 12 283 1 -1 -1 -1
576 527136 44605 3692 36 1211 53988 36 432000 -1 1 2 2 284 1 -1 -1 -1
577 527378 45256 3600 36 1170 57458 36 432000 -1 1 2 2 284 1 -1 -1 -1
578 527491 2 7212 1 361 69632 1 7200 -1 0 20 20 66 0 -1 -1 -1
579 527567 45207 4525 36 1444 57970 36 432000 -1 1 2 2 284 1 -1 -1 -1
580 527676 28675 20722 12 7235 54955 12 216000 -1 1 1 1 1 1 -1 -1 -1
581 527684 28729 35255 12 9108 53760 12 216000 -1 1 1 1 1 1 -1 -1 -1
582 527690 29122 175168 12 11824 162219 12 216000 -1 1 1 1 1 1 -1 -1 -1
583 527854 46907 789 36 253 25799 36 432000 -1 1 2 2 285 1 -1 -1 -1
584 527918 29194 132573 12 11269 97707 12 288000 -1 1 1 1 1 1 -1 -1 -1
585 527925 29216 214499 12 12334 105216 12 288000 -1 1 1 1 1 1 -1 -1 -1
586 527931 31209 243980 12 12606 101461 12 288000 -1 1 1 1 1 1 -1 -1 -1
587 528012 47423 895 36 292 25714 36 432000 -1 1 2 2 285 1 -1 -1 -1
588 528208 2 82 12 5 14507 12 432000 -1 1 12 12 283 1 -1 -1 -1
589 528349 47160 1008 36 327 26254 36 432000 -1 1 2 2 286 1 -1 -1 -1
590 528422 47130 829 36 254 24661 36 432000 -1 1 2 2 286 1 -1 -1 -1
591 528423 19 15546 12 13421 1605461 12 432000 -1 1 12 12 283 1 -1 -1 -1
592 529232 1 7202 1 6842 1756160 1 7200 -1 0 22 22 66 0 -1 -1 -1
593 530739 1 298 64 276 155744 64 432000 -1 1 3 3 3 1 -1 -1 -1
594 531261 2 142195 64 142151 217648 64 432000 -1 1 3 3 3 1 -1 -1 -1
595 533373 1 33 2 0 512 2 3600 -1 1 23 23 66 0 -1 -1 -1
596 535978 2 7207 1 1658 367616 1 7200 -1 0 12 12 66 0 -1 -1 -1
597 536371 1 1033 1 21 1024 1 7200 -1 1 13 13 66 0 -1 -1 -1
598 537113 1 25 1 0 0 1 7200 -1 1 28 28 66 0 -1 -1 -1
599 537467 2 515 1 21 1024 1 7200 -1 1 13 13 66 0 -1 -1 -1
600 537654 1 9511 80 776 136678 80 21600 -1 1 13 13 67 1 -1 -1 -1
601 537932 1 1338 1 1338 2280448 1 259200 -1 1 15 15 73 1 -1 -1 -1
602 537969 2608 19 25 0 0 25 3600 -1 1 23 23 287 1 -1 -1 -1
603 538172 1 7205 1 4755 1530880 1 7200 -1 0 22 22 66 0 -1 -1 -1
604 539606 18811 715 96 44 30784 96 259200 -1 1 22 22 9 1 -1 -1 -1
605 540594 2 37 1 1 1024 1 7200 -1 1 23 23 66 0 -1 -1 -1
606 545613 13 93524 1 14029 364544 1 259200 -1 1 15 15 135 1 -1 -1 -1
607 545617 9 259208 1 18145 202752 1 259200 -1 0 15 15 136 1 -1 -1 -1
608 545623 3 3514 1 3514 2987008 1 259200 -1 1 15 15 137 1 -1 -1 -1
609 545633 12 1446 1 1432 2210816 1 259200 -1 1 15 15 73 1 -1 -1 -1
610 545637 8 1465 1 1450 2224128 1 259200 -1 1 15 15 74 1 -1 -1 -1
611 545642 3 1130 1 1119 1388544 1 259200 -1 1 15 15 75 1 -1 -1 -1
612 545694 3 1565 2 8 512 2 3600 -1 1 23 23 66 0 -1 -1 -1
613 547036 1 2014 4 498 72704 4 345600 -1 1 4 4 4 1 -1 -1 -1
614 547393 1 10057 80 776 141440 80 14400 -1 1 13 13 94 1 -1 -1 -1
615 547448 10723 8008 80 642 144909 80 14350 -1 1 13 13 95 1 -1 -1 -1
616 547493 21536 9332 80 674 128461 80 14292 -1 1 13 13 129 1 -1 -1 -1
617 547577 32149 3148 80 1 77 80 7195 -1 1 13 13 130 1 -1 -1 -1
618 547614 35791 3991 80 1 77 80 7177 -1 1 13 13 98 1 -1 -1 -1
619 547642 42915 3408 80 1 38 80 7164 -1 1 13 13 99 1 -1 -1 -1
620 547671 46486 4049 80 2 51 80 7164 -1 1 13 13 131 1 -1 -1 -1
621 547975 2 1074 1 1063 1418240 1 259200 -1 1 15 15 75 1 -1 -1 -1
622 547979 14 1376 1 1362 2221056 1 259200 -1 1 15 15 74 1 -1 -1 -1
623 547982 11 1220 1 1208 1505280 1 259200 -1 1 15 15 73 1 -1 -1 -1
624 548049 1 1424 1 1424 2225152 1 259200 -1 1 15 15 134 1 -1 -1 -1
625 548628 1 950 2 5 512 2 3600 -1 1 23 23 66 0 -1 -1 -1
626 551832 13 16 25 0 0 25 3600 -1 1 23 23 288 1 -1 -1 -1
627 552219 6 16 25 0 0 25 3600 -1 1 23 23 289 1 -1 -1 -1
628 552695 10 16 25 0 0 25 3600 -1 1 23 23 290 1 -1 -1 -1
629 552928 12 16 25 0 0 25 3600 -1 1 23 23 291 1 -1 -1 -1
630 553219 12 15 25 0 0 25 3600 -1 1 23 23 292 1 -1 -1 -1
631 553344 12 15 25 0 0 25 3600 -1 1 23 23 293 1 -1 -1 -1
632 557489 1 88 12 0 85 12 10800 -1 1 30 30 66 0 -1 -1 -1
633 558100 1 1457 12 2 171 12 10800 -1 1 30 30 66 0 -1 -1 -1
634 559607 2 365 12 0 85 12 10800 -1 1 30 30 66 0 -1 -1 -1
635 559998 1 2833 12 7 427 12 10800 -1 1 30 30 66 0 -1 -1 -1
636 561252 1 1576 12 1 85 12 10800 -1 1 30 30 66 0 -1 -1 -1
637 562867 1 22 12 0 85 12 10800 -1 1 30 30 66 0 -1 -1 -1
638 562939 2 10809 12 9 85 12 10800 -1 0 30 30 66 0 -1 -1 -1
639 566214 1 105 2 1 512 2 3600 -1 1 23 23 66 0 -1 -1 -1
640 566392 3 6 25 0 0 25 3600 -1 1 23 23 294 1 -1 -1 -1
641 567071 1 8806 2 44 512 2 18000 -1 0 23 23 66 0 -1 -1 -1
642 569644 1 483 2 2 512 2 3600 -1 1 23 23 66 0 -1 -1 -1
643 570159 2 61 2 0 512 2 36000 -1 1 23 23 66 0 -1 -1 -1
644 570237 1 3610 2 18 512 2 3600 -1 0 23 23 66 0 -1 -1 -1
645 572522 2 7204 24 279 384 24 7200 -1 0 24 24 201 1 -1 -1 -1
646 573727 1 3 25 0 0 25 3600 -1 1 23 23 295 1 -1 -1 -1
647 574767 1 3 25 0 0 25 3600 -1 1 23 23 296 1 -1 -1 -1
648 575700 1 58 2 0 512 2 7200 -1 1 23 23 66 0 -1 -1 -1
649 575771 1 26 2 0 512 2 7200 -1 1 23 23 66 0 -1 -1 -1
650 575838 2 24 2 0 512 2 3600 -1 1 23 23 66 0 -1 -1 -1
651 575867 0 83 2 0 512 2 3600 -1 1 23 23 66 0 -1 -1 -1
652 575951 1 168 2 1 512 2 3600 -1 1 23 23 66 0 -1 -1 -1
653 591785 1 10804 12 9 85 12 10800 -1 0 30 30 66 0 -1 -1 -1
654 598829 1 1326 1 13 1024 1 7200 -1 0 31 31 66 0 -1 -1 -1
655 598874 1 7206 1 6341 143360 1 7200 -1 0 12 12 66 0 -1 -1 -1
656 602557 2 904 1 9 1024 1 7200 -1 1 32 32 66 0 -1 -1 -1
657 602949 1 4650 1 326 27648 1 43200 -1 0 15 15 66 0 -1 -1 -1
658 604143 1 6 25 0 0 25 3600 -1 1 23 23 297 1 -1 -1 -1
659 604304 1 51 1 9 23552 1 7200 -1 1 17 17 66 0 -1 -1 -1
660 604563 2 2052 4 477 80640 4 43200 -1 1 17 17 298 2 -1 -1 -1
661 604564 1 2115 4 486 80384 4 43200 -1 1 17 17 299 2 -1 -1 -1
662 604564 1 1911 4 468 89344 4 43200 -1 1 17 17 300 2 -1 -1 -1
663 604564 2 1396 4 328 70400 4 43200 -1 1 17 17 301 2 -1 -1 -1
664 604565 1 1410 4 331 70144 4 43200 -1 1 17 17 302 2 -1 -1 -1
665 604586 1 1297 4 305 64256 4 43200 -1 1 17 17 303 2 -1 -1 -1
666 604586 1 1297 4 302 64000 4 43200 -1 1 17 17 304 2 -1 -1 -1
667 604587 0 1176 4 288 68864 4 43200 -1 1 17 17 305 2 -1 -1 -1
668 604587 2 1505 4 354 75520 4 43200 -1 1 17 17 306 2 -1 -1 -1
669 604587 2 1285 4 299 63744 4 43200 -1 1 17 17 307 2 -1 -1 -1
670 605002 1 278230 24 1971 16597 24 432000 -1 0 5 5 5 1 -1 -1 -1
671 605060 1 168786 24 914 7723 24 432000 -1 1 5 5 5 1 -1 -1 -1
672 605221 2 173715 24 941 7296 24 432000 -1 1 5 5 6 1 -1 -1 -1
673 605348 1 2 25 0 0 25 3600 -1 1 23 23 308 1 -1 -1 -1
674 605498 1 2 25 0 0 25 3600 -1 1 23 23 309 1 -1 -1 -1
675 605693 1 2 25 0 0 25 3600 -1 1 23 23 310 1 -1 -1 -1
676 605885 4 2 25 0 0 25 3600 -1 1 23 23 311 1 -1 -1 -1
677 605918 1 2 25 0 0 25 3600 -1 1 23 23 312 1 -1 -1 -1
678 605966 1 170 2 1 512 2 7200 -1 1 23 23 66 0 -1 -1 -1
679 606173 1 2 25 0 0 25 3600 -1 1 23 23 313 1 -1 -1 -1
680 606438 1 2 25 0 0 25 3600 -1 1 23 23 314 1 -1 -1 -1
681 606447 1 5834 1 175 1024 1 7200 -1 1 13 13 66 0 -1 -1 -1
682 606968 2 1 4 0 0 4 86400 -1 1 18 18 108 1 -1 -1 -1
683 607110 1 15 2 0 512 2 7200 -1 1 23 23 66 0 -1 -1 -1
684 607205 2 9812 24 2224 49280 24 432000 -1 1 5 5 315 1 -1 -1 -1
685 607237 1 86408 4 2376 15616 4 86400 -1 0 18 18 106 1 -1 -1 -1
686 607237 1 3864 4 956 13824 4 86400 -1 1 18 18 108 1 -1 -1 -1
687 607273 2 1 4 0 0 4 345600 -1 1 4 4 133 1 -1 -1 -1
688 607286 1 345603 4 81217 75264 4 345600 -1 0 4 4 4 1 -1 -1 -1
689 607635 1 11471 1 1950 59392 1 43200 -1 0 15 15 66 0 -1 -1 -1
690 608145 3 3 4 0 0 4 86400 -1 0 18 18 316 1 -1 -1 -1
691 608181 2 1005 1 995 403456 1 259200 -1 1 15 15 134 1 -1 -1 -1
692 608638 2 68354 4 2563 8960 4 86400 -1 1 18 18 317 1 -1 -1 -1
693 608639 1 86362 4 2807 8960 4 86400 -1 1 18 18 318 1 -1 -1 -1
694 608639 4 81819 4 2659 9216 4 86400 -1 1 18 18 316 1 -1 -1 -1
695 608640 3 86403 4 648 9472 4 86400 -1 0 18 18 319 1 -1 -1 -1
696 608641 2 86403 4 648 9472 4 86400 -1 0 18 18 320 1 -1 -1 -1
697 609333 1 5205 12 1800 59051 12 432000 -1 1 12 12 283 1 -1 -1 -1
698 609336 2 4 25 0 0 25 3600 -1 1 23 23 321 1 -1 -1 -1
699 609854 3 4 25 0 0 25 3600 -1 1 23 23 322 1 -1 -1 -1
700 609921 1 4 25 0 0 25 3600 -1 1 23 23 323 1 -1 -1 -1
701 610425 2 55930 8 52434 10368 8 432000 -1 1 27 27 209 1 -1 -1 -1
702 610426 1 56187 8 52465 10240 8 432000 -1 1 27 27 210 1 -1 -1 -1
703 610426 4 60552 8 56692 10368 8 432000 -1 1 27 27 211 1 -1 -1 -1
704 610472 2 14502 8 11040 7936 8 28800 -1 1 27 27 212 1 -1 -1 -1
705 610473 1 14645 8 11167 7936 8 28800 -1 1 27 27 213 1 -1 -1 -1
706 610473 4 14707 8 11288 7936 8 28800 -1 1 27 27 214 1 -1 -1 -1
707 610474 3 14589 8 11124 7936 8 28800 -1 1 27 27 215 1 -1 -1 -1
708 610474 3 14789 8 11332 7936 8 28800 -1 1 27 27 216 1 -1 -1 -1
709 610475 2 14617 8 11164 7936 8 28800 -1 1 27 27 217 1 -1 -1 -1
710 610475 2 14560 8 11120 7936 8 28800 -1 1 27 27 218 1 -1 -1 -1
711 610476 1 14502 8 11076 7936 8 28800 -1 1 27 27 219 1 -1 -1 -1
712 610476 1 14486 8 11027 7808 8 28800 -1 1 27 27 220 1 -1 -1 -1
713 610477 0 14543 8 11162 7936 8 28800 -1 1 27 27 221 1 -1 -1 -1
714 610477 5 14489 8 11030 7936 8 28800 -1 1 27 27 222 1 -1 -1 -1
715 610478 4 14599 8 11168 7936 8 28800 -1 1 27 27 223 1 -1 -1 -1
716 610478 4 14652 8 11172 7936 8 28800 -1 1 27 27 224 1 -1 -1 -1
717 610479 3 14842 8 11354 7936 8 28800 -1 1 27 27 225 1 -1 -1 -1
718 610479 3 14736 8 11255 7936 8 28800 -1 1 27 27 226 1 -1 -1 -1
719 610480 2 14552 8 11096 7936 8 28800 -1 1 27 27 227 1 -1 -1 -1
720 610480 2 14814 8 11259 7808 8 28800 -1 1 27 27 228 1 -1 -1 -1
721 610481 1 14606 8 11155 7936 8 28800 -1 1 27 27 229 1 -1 -1 -1
722 610481 1 4360 8 3324 7808 8 28800 -1 1 27 27 230 1 -1 -1 -1
723 610482 5 16090 8 10438 6784 8 28800 -1 1 27 27 231 1 -1 -1 -1
724 610482 5 15730 8 10991 7296 8 28800 -1 1 27 27 202 1 -1 -1 -1
725 610483 4 16022 8 11296 7424 8 28800 -1 1 27 27 203 1 -1 -1 -1
726 610483 4 15361 8 10753 7296 8 28800 -1 1 27 27 204 1 -1 -1 -1
727 610484 3 16310 8 10540 6784 8 28800 -1 1 27 27 205 1 -1 -1 -1
728 610484 3 11759 8 7070 6272 8 28800 -1 1 27 27 206 1 -1 -1 -1
729 610485 2 11589 8 6953 6272 8 28800 -1 1 27 27 207 1 -1 -1 -1
730 610485 2 11345 8 6552 6016 8 28800 -1 1 27 27 208 1 -1 -1 -1
731 610486 1 11277 8 6428 5888 8 28800 -1 1 27 27 209 1 -1 -1 -1
732 610486 1 10995 8 5965 5632 8 28800 -1 1 27 27 210 1 -1 -1 -1
733 610487 8 10971 8 5938 5632 8 28800 -1 1 27 27 211 1 -1 -1 -1
734 610910 2 7059 12 4924 160512 12 432000 -1 0 28 28 281 1 -1 -1 -1
735 610993 3 5 25 0 0 25 3600 -1 1 23 23 324 1 -1 -1 -1
736 611140 2 4 25 0 0 25 3600 -1 1 23 23 325 1 -1 -1 -1
737 611184 3 4 25 0 0 25 3600 -1 1 23 23 326 1 -1 -1 -1
738 611243 1 10862 8 5716 5504 8 28800 -1 1 26 26 212 1 -1 -1 -1
739 611243 1 10993 8 5909 5632 8 28800 -1 1 26 26 213 1 -1 -1 -1
740 611244 4 10923 8 5816 5504 8 28800 -1 1 26 26 214 1 -1 -1 -1
741 611244 4 10843 8 5706 5504 8 28800 -1 1 26 26 215 1 -1 -1 -1
742 611245 3 10972 8 5925 5632 8 28800 -1 1 26 26 216 1 -1 -1 -1
743 611245 3 10907 8 5794 5504 8 28800 -1 1 26 26 217 1 -1 -1 -1
744 611246 2 11015 8 5976 5632 8 28800 -1 1 26 26 218 1 -1 -1 -1
745 611246 2 11195 8 6241 5760 8 28800 -1 1 26 26 219 1 -1 -1 -1
746 611247 1 10967 8 5895 5632 8 28800 -1 1 26 26 220 1 -1 -1 -1
747 611247 1 11550 8 6872 6144 8 28800 -1 1 26 26 221 1 -1 -1 -1
748 611248 5 11430 8 6729 6144 8 28800 -1 1 26 26 222 1 -1 -1 -1
749 611248 5 11464 8 6735 6144 8 28800 -1 1 26 26 223 1 -1 -1 -1
750 611249 4 11244 8 6367 5888 8 28800 -1 1 26 26 224 1 -1 -1 -1
