751 611249 4 11392 8 6593 6016 8 28800 -1 1 26 26 225 1 -1 -1 -1
752 611250 3 11313 8 6519 6016 8 28800 -1 1 26 26 226 1 -1 -1 -1
753 611250 3 11525 8 6857 6144 8 28800 -1 1 26 26 227 1 -1 -1 -1
754 611251 2 11494 8 6796 6144 8 28800 -1 1 26 26 228 1 -1 -1 -1
755 611251 2 11637 8 6895 6144 8 28800 -1 1 26 26 229 1 -1 -1 -1
756 611252 1 11367 8 6550 6016 8 28800 -1 1 26 26 230 1 -1 -1 -1
757 611252 1 11637 8 7069 6272 8 28800 -1 1 26 26 231 1 -1 -1 -1
758 611253 5 11436 8 6690 6016 8 28800 -1 1 26 26 202 1 -1 -1 -1
759 611253 5 11611 8 6894 6144 8 28800 -1 1 26 26 203 1 -1 -1 -1
760 611254 4 11359 8 6574 6016 8 28800 -1 1 26 26 204 1 -1 -1 -1
761 611254 4 11336 8 6547 6016 8 28800 -1 1 26 26 205 1 -1 -1 -1
762 611255 3 11382 8 6602 6016 8 28800 -1 1 26 26 206 1 -1 -1 -1
763 611255 3 11197 8 6172 5760 8 28800 -1 1 26 26 207 1 -1 -1 -1
764 611256 2 10979 8 5942 5632 8 28800 -1 1 26 26 208 1 -1 -1 -1
765 611256 2 10990 8 5948 5632 8 28800 -1 1 26 26 209 1 -1 -1 -1
766 611257 1 10811 8 5703 5504 8 28800 -1 1 26 26 210 1 -1 -1 -1
767 611257 1 11012 8 6002 5632 8 28800 -1 1 26 26 211 1 -1 -1 -1
768 611410 1 5 25 0 0 25 3600 -1 1 23 23 327 1 -1 -1 -1
769 611421 1 4 25 0 0 25 3600 -1 1 23 23 328 1 -1 -1 -1
770 611443 3 4 25 0 0 25 3600 -1 1 23 23 329 1 -1 -1 -1
771 611572 1 42463 8 38747 10112 8 432000 -1 1 26 26 222 1 -1 -1 -1
772 611572 1 42282 8 38741 10112 8 432000 -1 1 26 26 223 1 -1 -1 -1
773 611573 4 42326 8 38887 10112 8 432000 -1 1 26 26 224 1 -1 -1 -1
774 611573 260 43963 8 40281 10112 8 432000 -1 1 26 26 225 1 -1 -1 -1
775 611574 3270 54256 8 50594 10240 8 432000 -1 1 26 26 226 1 -1 -1 -1
776 611574 4927 45293 8 42009 10240 8 432000 -1 1 26 26 227 1 -1 -1 -1
777 611575 4926 45300 8 41846 10240 8 432000 -1 1 26 26 228 1 -1 -1 -1
778 611575 4926 45184 8 41739 10240 8 432000 -1 1 26 26 229 1 -1 -1 -1
779 611576 4925 45114 8 41730 10240 8 432000 -1 1 26 26 230 1 -1 -1 -1
780 611576 5480 43397 8 39979 10112 8 432000 -1 1 26 26 231 1 -1 -1 -1
781 612218 4850 54933 8 51156 10240 8 432000 -1 1 27 27 202 1 -1 -1 -1
782 612219 4853 43711 8 40214 10112 8 432000 -1 1 27 27 203 1 -1 -1 -1
783 612219 4853 43324 8 39804 10112 8 432000 -1 1 27 27 204 1 -1 -1 -1
784 612220 4855 55145 8 51354 10240 8 432000 -1 1 27 27 205 1 -1 -1 -1
785 612220 4855 54826 8 51194 10240 8 432000 -1 1 27 27 206 1 -1 -1 -1
786 612221 5670 54449 8 50638 10240 8 432000 -1 1 27 27 207 1 -1 -1 -1
787 612221 5670 53913 8 50341 10240 8 432000 -1 1 27 27 208 1 -1 -1 -1
788 612222 5671 54029 8 50247 10240 8 432000 -1 1 27 27 209 1 -1 -1 -1
789 612222 9246 42453 8 39004 10112 8 432000 -1 1 27 27 210 1 -1 -1 -1
790 612223 9261 42207 8 38778 10112 8 432000 -1 1 27 27 211 1 -1 -1 -1
791 612239 1 596 80 1 2176 80 10800 -1 0 13 13 67 1 -1 -1 -1
792 613077 2 33 120 0 9 120 10800 -1 0 13 13 330 1 -1 -1 -1
793 613136 1 24247 120 3160 230229 120 36000 -1 1 13 13 330 1 -1 -1 -1
794 613252 2 1159 2 0 0 2 7200 -1 1 23 23 66 0 -1 -1 -1
795 613538 1 259203 1 23328 207872 1 259200 -1 0 15 15 137 1 -1 -1 -1
796 613546 2 1297 1 1284 2238464 1 259200 -1 1 15 15 134 1 -1 -1 -1
797 617894 3942 5 25 0 0 25 3600 -1 1 23 23 331 1 -1 -1 -1
798 618043 4028 1212 36 389 25060 36 432000 -1 1 2 2 97 1 -1 -1 -1
799 618294 3814 408136 36 5102 33508 36 432000 -1 1 2 2 332 1 -1 -1 -1
800 618393 3824 149172 36 4144 41870 36 432000 -1 1 2 2 333 1 -1 -1 -1
801 618467 3773 180041 36 4351 37518 36 432000 -1 1 2 2 333 1 -1 -1 -1
802 618535 3730 148368 36 4163 41984 36 432000 -1 1 2 2 334 1 -1 -1 -1
803 618609 3848 128034 36 4019 47019 36 432000 -1 1 2 2 334 1 -1 -1 -1
804 620671 1172 3 25 0 0 25 3600 -1 1 23 23 335 1 -1 -1 -1
805 621870 3 3 25 0 0 25 3600 -1 1 23 23 336 1 -1 -1 -1
806 624001 1 10882 1 8706 1594368 1 43200 -1 1 21 21 66 0 -1 -1 -1
807 624028 1 10857 1 4343 1577984 1 43200 -1 1 21 21 66 0 -1 -1 -1
808 625031 1 3071 4 737 177152 4 43200 -1 1 17 17 337 2 -1 -1 -1
809 625032 0 3252 4 780 192768 4 43200 -1 1 17 17 338 2 -1 -1 -1
810 625032 2 2729 4 655 176128 4 43200 -1 1 17 17 339 2 -1 -1 -1
811 625033 1 2728 4 655 175360 4 43200 -1 1 17 17 340 2 -1 -1 -1
812 625033 1 1184 4 278 58368 4 43200 -1 1 17 17 341 2 -1 -1 -1
813 625033 1 1242 4 292 62208 4 43200 -1 1 17 17 342 2 -1 -1 -1
814 625034 0 1013 4 241 59392 4 43200 -1 1 17 17 343 2 -1 -1 -1
815 625034 2 989 4 232 58112 4 43200 -1 1 17 17 344 2 -1 -1 -1
816 625034 2 1034 4 253 60928 4 43200 -1 1 17 17 345 2 -1 -1 -1
817 625198 1 43209 1 28518 647168 1 43200 -1 0 21 21 66 0 -1 -1 -1
818 626052 7999 10848 96 6 117 96 14070 -1 1 13 13 346 1 -1 -1 -1
819 626666 2 9189 1 368 1024 1 43200 -1 1 21 21 66 0 -1 -1 -1
820 627792 2 1 25 0 0 25 3600 -1 1 23 23 347 1 -1 -1 -1
821 627935 2 1516 24 59 15616 24 432000 -1 0 5 5 348 1 -1 -1 -1
822 629175 1 3279 4 787 190976 4 43200 -1 1 17 17 337 2 -1 -1 -1
823 629175 1 3180 4 763 185856 4 43200 -1 1 17 17 338 2 -1 -1 -1
824 629176 2 2375 4 576 177664 4 43200 -1 1 17 17 340 2 -1 -1 -1
825 629176 2 958 4 225 54784 4 43200 -1 1 17 17 341 2 -1 -1 -1
826 629177 1 1108 4 258 53248 4 43200 -1 1 17 17 342 2 -1 -1 -1
827 629177 1 1110 4 258 53248 4 43200 -1 1 17 17 343 2 -1 -1 -1
828 629178 0 1110 4 258 53760 4 43200 -1 1 17 17 344 2 -1 -1 -1
829 629178 0 1144 4 269 56576 4 43200 -1 1 17 17 345 2 -1 -1 -1
830 629444 2 81605 24 3434 11435 24 432000 -1 1 5 5 348 1 -1 -1 -1
831 631198 1 2 25 0 0 25 3600 -1 1 23 23 349 1 -1 -1 -1
832 631693 1 2 25 0 0 25 3600 -1 1 23 23 350 1 -1 -1 -1
833 631733 1 2 25 0 0 25 3600 -1 1 23 23 351 1 -1 -1 -1
834 632073 1 2 25 0 0 25 3600 -1 1 23 23 352 1 -1 -1 -1
835 632168 1 2 25 0 0 25 3600 -1 1 23 23 353 1 -1 -1 -1
836 632348 1 2 25 0 0 25 3600 -1 1 23 23 354 1 -1 -1 -1
837 632682 2 1 25 0 0 25 3600 -1 1 23 23 355 1 -1 -1 -1
838 632833 1 2 25 0 0 25 3600 -1 1 23 23 356 1 -1 -1 -1
839 632872 2 1 25 0 0 25 3600 -1 1 23 23 357 1 -1 -1 -1
840 632883 1 2 25 0 0 25 3600 -1 1 23 23 358 1 -1 -1 -1
841 632978 1 2 25 0 0 25 3600 -1 1 23 23 359 1 -1 -1 -1
842 635629 1 6171 1 3579 259072 1 43200 -1 1 21 21 66 0 -1 -1 -1
843 635862 1 43213 1 1729 1024 1 43200 -1 0 21 21 66 0 -1 -1 -1
844 637004 2 1392 36 442 25429 36 432000 -1 1 2 2 97 1 -1 -1 -1
845 641800 2 43208 1 43208 31744 1 43200 -1 0 21 21 66 0 -1 -1 -1
846 642173 1 1592 4 374 71424 4 43200 -1 1 17 17 299 2 -1 -1 -1
847 642173 1 1583 4 372 70912 4 43200 -1 1 17 17 300 2 -1 -1 -1
848 642174 1 1324 4 314 71680 4 43200 -1 0 17 17 301 2 -1 -1 -1
849 642174 1 1324 4 311 71168 4 43200 -1 0 17 17 302 2 -1 -1 -1
850 642174 1 1324 4 314 70912 4 43200 -1 0 17 17 303 2 -1 -1 -1
851 642175 0 1324 4 311 70400 4 43200 -1 0 17 17 304 2 -1 -1 -1
852 642175 2 1334 4 313 66560 4 43200 -1 1 17 17 305 2 -1 -1 -1
853 642176 1 1334 4 313 66304 4 43200 -1 1 17 17 306 2 -1 -1 -1
854 642176 1 1358 4 316 65024 4 43200 -1 1 17 17 307 2 -1 -1 -1
855 642711 2 9789 2 4699 2300416 2 86400 -1 1 7 7 360 1 -1 -1 -1
856 642712 1 10264 2 4927 2457600 2 86400 -1 1 7 7 361 1 -1 -1 -1
857 642712 1 9557 2 4635 2377216 2 86400 -1 1 7 7 362 1 -1 -1 -1
858 642712 2 9216 2 4516 2299904 2 86400 -1 1 7 7 363 1 -1 -1 -1
859 642713 1 9470 2 4593 2073600 2 86400 -1 1 7 7 364 1 -1 -1 -1
860 642713 1 9558 2 4683 1912832 2 86400 -1 1 7 7 365 1 -1 -1 -1
861 642715 1 9733 2 4672 2421760 2 86400 -1 1 7 7 366 1 -1 -1 -1
862 643497 4 407461 24 1528 5035 24 432000 -1 0 5 5 7 1 -1 -1 -1
863 643499 2 1852 4 435 100864 4 43200 -1 1 17 17 301 2 -1 -1 -1
864 643499 2 1697 4 399 92416 4 43200 -1 1 17 17 304 2 -1 -1 -1
865 643499 2 1702 4 400 92416 4 43200 -1 1 17 17 303 2 -1 -1 -1
866 643499 2 1711 4 402 92160 4 43200 -1 1 17 17 302 2 -1 -1 -1
867 643648 1 74 24 19 56149 24 432000 -1 0 5 5 7 1 -1 -1 -1
868 644103 1 219440 24 1463 9216 24 432000 -1 0 5 5 5 1 -1 -1 -1
869 654521 2 19744 60 33 239 60 21600 -1 1 13 13 346 1 -1 -1 -1
870 657777 1 66550 2 8984 954880 2 216000 -1 1 7 7 367 1 -1 -1 -1
871 657778 0 63988 2 8958 904704 2 216000 -1 1 7 7 368 1 -1 -1 -1
872 657779 1 64771 2 11659 952320 2 216000 -1 1 7 7 369 1 -1 -1 -1
873 657779 1 65100 2 11718 1134080 2 216000 -1 1 7 7 370 1 -1 -1 -1
874 657780 1 59003 2 10621 1068544 2 216000 -1 1 7 7 371 1 -1 -1 -1
875 657780 1 6068 2 3064 2321920 2 216000 -1 1 7 7 372 1 -1 -1 -1
876 657780 1 28508 2 7555 1518592 2 216000 -1 1 7 7 373 1 -1 -1 -1
877 657781 2 30510 2 7628 1671168 2 216000 -1 1 7 7 374 1 -1 -1 -1
878 657781 2 27660 2 7468 1624064 2 216000 -1 1 7 7 375 1 -1 -1 -1
879 657781 2 4337 2 2450 2750464 2 216000 -1 1 7 7 376 1 -1 -1 -1
880 657782 1 27264 2 9270 1665536 2 216000 -1 1 7 7 377 1 -1 -1 -1
881 657782 1 26644 2 8793 1743872 2 216000 -1 1 7 7 378 1 -1 -1 -1
882 658923 1 7205 24 270 384 24 7200 -1 0 24 24 201 1 -1 -1 -1
883 680302 1 5 12 0 0 12 43200 -1 1 25 25 66 0 -1 -1 -1
884 685287 1 858 1 17 1024 1 7200 -1 1 13 13 66 0 -1 -1 -1
885 685904 1 7333 1 220 9216 1 43200 -1 0 15 15 66 0 -1 -1 -1
886 686083 1 86403 30 2851 13790 30 86400 -1 0 6 6 9 1 -1 -1 -1
887 686870 1 923 36 293 24434 36 432000 -1 1 2 2 285 1 -1 -1 -1
888 687647 1 47 1 1 1024 1 7200 -1 1 2 2 66 0 -1 -1 -1
889 687688 1 233297 64 233261 165680 64 432000 -1 1 3 3 3 1 -1 -1 -1
890 687724 1 29 1 1 1024 1 7200 -1 1 2 2 66 0 -1 -1 -1
891 689291 2 65 36 14 13170 36 432000 -1 1 2 2 379 1 -1 -1 -1
892 690207 2 1122 1 11 1024 1 7200 -1 1 33 33 66 0 -1 -1 -1
893 690556 2 117 1 13 17408 1 7200 -1 0 31 31 66 0 -1 -1 -1
894 690873 1 750 36 241 25003 36 432000 -1 1 2 2 379 1 -1 -1 -1
895 691095 1 91 2 7 12288 2 43200 -1 0 31 31 66 0 -1 -1 -1
896 691312 1 136 1 1 1024 1 7200 -1 1 2 2 66 0 -1 -1 -1
897 692273 1 2 2 0 0 2 86400 -1 1 7 7 380 1 -1 -1 -1
898 692733 1 2 2 0 0 2 86400 -1 1 7 7 380 1 -1 -1 -1
899 692794 1 1 2 0 0 2 86400 -1 1 31 31 381 1 -1 -1 -1
900 692886 1 63 2 29 2560 2 86400 -1 0 7 7 382 1 -1 -1 -1
901 692973 1 31040 2 5587 3072 2 86400 -1 1 7 7 382 1 -1 -1 -1
902 693021 2 138 4 82 125184 4 300 -1 1 31 31 383 1 -1 -1 -1
903 693065 2 126 4 81 135680 4 300 -1 1 31 31 383 1 -1 -1 -1
904 693194 2 121 4 84 147712 4 300 -1 1 31 31 383 1 -1 -1 -1
905 693409 1 22491 2 4723 3072 2 86400 -1 1 7 7 384 1 -1 -1 -1
906 693455 1 15251 2 3660 3072 2 86400 -1 0 7 7 385 1 -1 -1 -1
907 693533 1 34102 2 5456 3072 2 86400 -1 1 7 7 386 1 -1 -1 -1
908 693533 1 74374 2 7437 3072 2 86400 -1 1 7 7 387 1 -1 -1 -1
909 693534 1 53358 2 6670 3072 2 86400 -1 1 7 7 388 1 -1 -1 -1
910 693534 1 44019 2 5943 3072 2 86400 -1 1 7 7 389 1 -1 -1 -1
911 693535 1 47230 2 6140 3072 2 86400 -1 1 7 7 390 1 -1 -1 -1
912 693536 0 49678 2 5961 3072 2 86400 -1 1 7 7 391 1 -1 -1 -1
913 693537 2 13436 2 3561 3072 2 86400 -1 1 7 7 392 1 -1 -1 -1
914 693538 2 39930 2 5790 3072 2 86400 -1 1 7 7 393 1 -1 -1 -1
915 693668 2 536 12 66 1447168 12 7200 -1 1 34 34 394 1 -1 -1 -1
916 693861 1 118 4 79 139520 4 300 -1 1 31 31 383 1 -1 -1 -1
917 693926 1 118 4 78 139264 4 300 -1 1 31 31 383 1 -1 -1 -1
918 694044 2 119 4 84 150272 4 300 -1 1 31 31 383 1 -1 -1 -1
919 694125 1 117 4 80 143104 4 300 -1 1 31 31 383 1 -1 -1 -1
920 694243 1 118 4 80 146432 4 300 -1 1 31 31 383 1 -1 -1 -1
921 694474 1 118 4 84 146944 4 300 -1 1 31 31 383 1 -1 -1 -1
922 694812 1 119 4 81 143360 4 300 -1 1 31 31 383 1 -1 -1 -1
923 695590 2 25 1 1 1024 1 7200 -1 1 2 2 66 0 -1 -1 -1
924 695833 1 1685 36 543 27961 36 432000 -1 1 2 2 379 1 -1 -1 -1
925 695989 2 973 36 311 25401 36 432000 -1 1 2 2 285 1 -1 -1 -1
926 696084 1 882 36 277 24804 36 432000 -1 1 2 2 285 1 -1 -1 -1
927 696458 2 1072 36 340 25714 36 432000 -1 1 2 2 285 1 -1 -1 -1
928 697175 2 1732 36 560 28416 36 432000 -1 1 2 2 379 1 -1 -1 -1
929 697313 2 1 2 0 0 2 172800 -1 1 31 31 395 1 -1 -1 -1
930 697328 1 13 36 1 370 36 432000 -1 1 2 2 379 1 -1 -1 -1
931 697450 2 1887 36 612 29013 36 432000 -1 1 2 2 379 1 -1 -1 -1
932 699828 1 44 12 2 11093 12 7200 -1 0 34 34 394 1 -1 -1 -1
933 699954 1 22 12 1 9131 12 7200 -1 0 34 34 394 1 -1 -1 -1
934 700156 2 537 32 29 850240 32 7200 -1 1 34 34 394 1 -1 -1 -1
935 700164 1 24479 120 3343 241553 120 28800 -1 1 13 13 330 1 -1 -1 -1
936 700667 1 856 12 71 19029 12 432000 -1 0 35 35 396 1 -1 -1 -1
937 700732 1 796 12 700 229035 12 432000 -1 0 35 35 396 1 -1 -1 -1
938 700838 1 29 1 1 1024 1 7200 -1 1 2 2 66 0 -1 -1 -1
939 701000 1 1869 36 605 29184 36 432000 -1 1 2 2 379 1 -1 -1 -1
940 701034 1 26 1 1 1024 1 7200 -1 1 2 2 66 0 -1 -1 -1
941 701162 1 27 1 1 1024 1 7200 -1 1 2 2 66 0 -1 -1 -1
942 701318 2 1 12 0 0 12 432000 -1 1 35 35 397 1 -1 -1 -1
943 701531 2 492 12 61 1878187 12 7200 -1 1 34 34 394 1 -1 -1 -1
944 701570 1 252912 12 14753 137472 12 432000 -1 0 35 35 397 1 -1 -1 -1
945 701579 1 252918 12 14754 123136 12 432000 -1 0 35 35 396 1 -1 -1 -1
946 701678 1 252819 12 14748 152235 12 432000 -1 0 35 35 398 1 -1 -1 -1
947 701793 2 252703 12 14320 154624 12 432000 -1 0 35 35 399 1 -1 -1 -1
948 701795 2 252702 12 14952 82091 12 432000 -1 0 35 35 400 1 -1 -1 -1
949 701797 2 252726 12 15164 94549 12 432000 -1 0 35 35 401 1 -1 -1 -1
950 701799 2 252724 12 14321 104448 12 432000 -1 0 35 35 402 1 -1 -1 -1
951 701802 1 252722 12 14953 114603 12 432000 -1 0 35 35 403 1 -1 -1 -1
952 701922 1 1054 1 11 1024 1 7200 -1 0 33 33 66 0 -1 -1 -1
953 702153 1 184 1 63 1024 1 7200 -1 0 36 36 404 1 -1 -1 -1
954 702381 2 25254 1 3788 1024 1 259200 -1 1 36 36 404 1 -1 -1 -1
955 703098 1 207 1 2 1024 1 7200 -1 0 33 33 66 0 -1 -1 -1
956 703247 2 159 4 71 83968 4 300 -1 1 31 31 383 1 -1 -1 -1
957 703318 1 13 1 0 1024 1 7200 -1 0 33 33 66 0 -1 -1 -1
958 703522 2 135 1 1 1024 1 7200 -1 0 33 33 66 0 -1 -1 -1
959 704441 1 960 1 10 1024 1 7200 -1 0 2 2 66 0 -1 -1 -1
960 704488 1 211 1 2 1024 1 7200 -1 0 13 13 66 0 -1 -1 -1
961 704577 1 433 1 4 1024 1 7200 -1 0 33 33 66 0 -1 -1 -1
962 704707 1 573 1 6 1024 1 7200 -1 0 13 13 66 0 -1 -1 -1
963 704763 1 29 1 1 1024 1 7200 -1 1 2 2 66 0 -1 -1 -1
964 704797 2 2176 1 22 1024 1 7200 -1 1 13 13 66 0 -1 -1 -1
965 704863 2 1 12 0 0 12 432000 -1 1 35 35 405 1 -1 -1 -1
966 705018 2 24 1 0 1024 1 7200 -1 0 33 33 66 0 -1 -1 -1
967 705036 2 1149 1 11 1024 1 7200 -1 1 33 33 66 0 -1 -1 -1
968 705070 1 383 1 4 1024 1 7200 -1 0 2 2 66 0 -1 -1 -1
969 705316 2 472 4 15 1792 4 86400 -1 0 18 18 108 1 -1 -1 -1
970 705406 2 249117 12 2076 6912 12 432000 -1 0 35 35 406 1 -1 -1 -1
971 705441 1 104 12 0 85 12 7200 -1 1 31 31 66 0 -1 -1 -1
972 705449 2 1160 12 88 19115 12 432000 -1 1 35 35 407 1 -1 -1 -1
973 705455 2 1150 12 90 20224 12 432000 -1 1 35 35 408 1 -1 -1 -1
974 705464 1 263 1 3 1024 1 7200 -1 1 2 2 66 0 -1 -1 -1
975 705467 1 249057 12 20962 10069 12 432000 -1 0 35 35 409 1 -1 -1 -1
976 705473 1 249052 12 20962 10155 12 432000 -1 0 35 35 410 1 -1 -1 -1
977 705479 1 249059 12 20962 10155 12 432000 -1 0 35 35 411 1 -1 -1 -1
978 705484 1 249053 12 20962 10155 12 432000 -1 0 35 35 412 1 -1 -1 -1
979 705489 2 249047 12 20961 10155 12 432000 -1 0 35 35 413 1 -1 -1 -1
980 705497 1 249063 12 20963 10069 12 432000 -1 0 35 35 414 1 -1 -1 -1
981 705504 1 249057 12 2075 10069 12 432000 -1 0 35 35 415 1 -1 -1 -1
982 705509 1 249052 12 1868 6912 12 432000 -1 0 35 35 416 1 -1 -1 -1
983 705514 1 249047 12 1868 6827 12 432000 -1 0 35 35 417 1 -1 -1 -1
984 705518 2 249042 12 1868 6827 12 432000 -1 0 35 35 418 1 -1 -1 -1
985 705523 1 249038 12 1868 6827 12 432000 -1 0 35 35 419 1 -1 -1 -1
986 705533 1 249044 12 1868 6827 12 432000 -1 0 35 35 420 1 -1 -1 -1
987 705537 2 249039 12 1868 6827 12 432000 -1 0 35 35 421 1 -1 -1 -1
988 705559 1 6 12 0 0 12 7200 -1 1 31 31 66 0 -1 -1 -1
989 705568 2 490 12 238 94891 12 7200 -1 0 31 31 422 1 -1 -1 -1
990 705663 1 438 4 48 6144 4 86400 -1 0 18 18 108 1 -1 -1 -1
991 705817 1 347 4 1 256 4 86400 -1 0 18 18 108 1 -1 -1 -1
992 706232 2 31 1 1 1024 1 7200 -1 1 2 2 66 0 -1 -1 -1
993 706370 1 2259 20 259 195430 20 3600 -1 1 13 13 423 1 -1 -1 -1
994 706711 2 247872 12 2066 10837 12 432000 -1 0 35 35 406 1 -1 -1 -1
995 706796 1 247796 12 15074 113152 12 432000 -1 0 35 35 406 1 -1 -1 -1
996 706799 2 247799 12 15074 113237 12 432000 -1 0 35 35 407 1 -1 -1 -1
997 706801 2 247797 12 15074 112896 12 432000 -1 0 35 35 408 1 -1 -1 -1
998 706803 2 247795 12 1858 9216 12 432000 -1 0 35 35 409 1 -1 -1 -1
999 706805 2 247800 12 15074 115371 12 432000 -1 0 35 35 410 1 -1 -1 -1
1000 706809 1 247797 12 1858 9472 12 432000 -1 0 35 35 411 1 -1 -1 -1
