1 0 477768 35541 160 32096 89734 160 108000 -1 1 1 1 1 1 -1 -1 -1
2 83558 1 432024 36 1320 7566 36 432000 -1 0 2 2 2 1 -1 -1 -1
3 195861 1 278442 64 278442 34640 64 432000 -1 1 3 3 3 1 -1 -1 -1
4 278659 2 268225 4 4023 4864 4 345600 -1 1 4 4 4 1 -1 -1 -1
5 339016 1 305581 24 1783 14805 24 432000 -1 0 5 5 5 1 -1 -1 -1
6 339299 1 214651 24 358 2560 24 432000 -1 1 5 5 6 1 -1 -1 -1
7 340144 1 432006 24 720 2005 24 432000 -1 0 5 5 7 1 -1 -1 -1
8 340462 2 370083 24 925 4565 24 432000 -1 0 5 5 7 1 -1 -1 -1
9 352289 2 109634 36 1066 50887 36 432000 -1 1 2 2 8 1 -1 -1 -1
10 352352 1 98910 36 22310 44487 36 432000 -1 1 2 2 8 1 -1 -1 -1
11 354700 2 86412 30 461 6485 30 86400 -1 0 6 6 9 1 -1 -1 -1
12 369016 1 180824 60 874 15582 60 432000 -1 1 2 2 10 1 -1 -1 -1
13 369082 1 292929 60 1123 11657 60 432000 -1 1 2 2 10 1 -1 -1 -1
14 370503 1 246546 36 2671 24121 36 432000 -1 1 2 2 11 1 -1 -1 -1
15 370553 1 163668 36 2500 31801 36 432000 -1 1 2 2 11 1 -1 -1 -1
16 370731 2 157777 36 2454 33536 36 432000 -1 1 2 2 11 1 -1 -1 -1
17 370775 1 160148 36 2491 34560 36 432000 -1 1 2 2 11 1 -1 -1 -1
18 371887 1 319797 36 106155 19428 36 432000 -1 1 2 2 11 1 -1 -1 -1
19 371996 1 432004 36 143761 17038 36 432000 -1 0 2 2 11 1 -1 -1 -1
20 372052 1 432010 36 120 28 36 432000 -1 0 2 2 11 1 -1 -1 -1
21 372423 2 432005 36 3240 16555 36 432000 -1 0 2 2 11 1 -1 -1 -1
22 372462 1 432007 36 3360 15417 36 432000 -1 0 2 2 11 1 -1 -1 -1
23 381544 1 169423 24 18989 24277 24 432000 -1 1 5 5 12 1 -1 -1 -1
24 424136 1 84779 2 2967 145408 2 86400 -1 1 7 7 13 1 -1 -1 -1
25 426342 2 29600 12 3231 157867 12 259200 -1 0 8 8 14 1 -1 -1 -1
26 426353 1 29590 12 3871 186112 12 259200 -1 0 8 8 15 1 -1 -1 -1
27 426395 1 10142 12 203 11691 12 259200 -1 1 8 8 16 1 -1 -1 -1
28 427487 2 25001 1 4250 5120 1 172800 -1 1 9 9 17 1 -1 -1 -1
29 427488 1 28157 1 4505 12288 1 172800 -1 1 9 9 18 1 -1 -1 -1
30 427488 1 26588 1 4254 5120 1 172800 -1 1 9 9 19 1 -1 -1 -1
31 427488 2 172812 1 8641 12288 1 172800 -1 0 9 9 20 1 -1 -1 -1
32 427489 1 28043 1 4487 5120 1 172800 -1 1 9 9 21 1 -1 -1 -1
33 427489 1 172812 1 8641 12288 1 172800 -1 0 9 9 22 1 -1 -1 -1
34 427489 1 29331 1 4400 5120 1 172800 -1 1 9 9 23 1 -1 -1 -1
35 427490 0 172812 1 8641 12288 1 172800 -1 0 9 9 24 1 -1 -1 -1
36 427490 6 25680 1 4366 5120 1 172800 -1 1 9 9 25 1 -1 -1 -1
37 427490 6 172806 1 8640 12288 1 172800 -1 0 9 9 26 1 -1 -1 -1
38 427491 5 27546 1 4407 5120 1 172800 -1 1 9 9 27 1 -1 -1 -1
39 427491 5 172806 1 8640 12288 1 172800 -1 0 9 9 28 1 -1 -1 -1
40 427491 5 29020 1 4643 5120 1 172800 -1 1 9 9 29 1 -1 -1 -1
41 427492 4 172806 1 8640 12288 1 172800 -1 0 9 9 30 1 -1 -1 -1
42 427492 4 26609 1 4524 5120 1 172800 -1 1 9 9 31 1 -1 -1 -1
43 427492 4 172806 1 8640 12288 1 172800 -1 0 9 9 32 1 -1 -1 -1
44 430397 1 6988 1 3634 1024 1 172800 -1 1 9 9 33 1 -1 -1 -1
45 430397 1 6849 1 2534 1024 1 172800 -1 1 9 9 34 1 -1 -1 -1
46 430397 1 6678 1 2538 1024 1 172800 -1 1 9 9 35 1 -1 -1 -1
47 430398 2 6600 1 2508 1024 1 172800 -1 1 9 9 36 1 -1 -1 -1
48 430398 2 7011 1 3646 1024 1 172800 -1 1 9 9 37 1 -1 -1 -1
49 430398 2 6808 1 2519 1024 1 172800 -1 1 9 9 38 1 -1 -1 -1
50 430399 1 6636 1 2522 1024 1 172800 -1 1 9 9 39 1 -1 -1 -1
51 430399 1 6528 1 2546 1024 1 172800 -1 1 9 9 40 1 -1 -1 -1
52 430418 1 86402 6 1296 11776 6 86400 -1 0 10 10 41 1 -1 -1 -1
53 430986 1 6700 1 3685 1024 1 172800 -1 1 9 9 42 1 -1 -1 -1
54 430987 0 10219 1 4292 5120 1 172800 -1 1 9 9 43 1 -1 -1 -1
55 430987 0 10219 1 4292 12288 1 172800 -1 1 9 9 44 1 -1 -1 -1
56 430987 2 7132 1 3780 1024 1 172800 -1 1 9 9 45 1 -1 -1 -1
57 430987 2 10217 1 4291 5120 1 172800 -1 1 9 9 46 1 -1 -1 -1
58 430988 1 10217 1 4291 12288 1 172800 -1 1 9 9 47 1 -1 -1 -1
59 430988 1 6918 1 3736 1024 1 172800 -1 1 9 9 48 1 -1 -1 -1
60 430988 1 155390 1 20201 5120 1 172800 -1 1 9 9 49 1 -1 -1 -1
61 430989 2 172811 1 10369 12288 1 172800 -1 0 9 9 50 1 -1 -1 -1
62 430989 2 7106 1 3766 1024 1 172800 -1 1 9 9 51 1 -1 -1 -1
63 430989 2 155944 1 18713 5120 1 172800 -1 1 9 9 52 1 -1 -1 -1
64 430990 1 172811 1 10369 12288 1 172800 -1 0 9 9 53 1 -1 -1 -1
65 430990 1 7588 1 3946 1024 1 172800 -1 1 9 9 54 1 -1 -1 -1
66 430990 1 151909 1 15191 5120 1 172800 -1 1 9 9 55 1 -1 -1 -1
67 430991 0 172811 1 10369 12288 1 172800 -1 0 9 9 56 1 -1 -1 -1
68 430991 3 7077 1 3822 1024 1 172800 -1 1 9 9 57 1 -1 -1 -1
69 430991 3 154066 1 18488 5120 1 172800 -1 1 9 9 58 1 -1 -1 -1
70 430992 2 172808 1 10368 12288 1 172800 -1 0 9 9 59 1 -1 -1 -1
71 430992 2 6906 1 3660 1024 1 172800 -1 1 9 9 60 1 -1 -1 -1
72 430992 2 154207 1 20047 5120 1 172800 -1 1 9 9 61 1 -1 -1 -1
73 430992 2 172808 1 10368 12288 1 172800 -1 0 9 9 62 1 -1 -1 -1
74 430993 1 6734 1 3636 1024 1 172800 -1 1 9 9 63 1 -1 -1 -1
75 430993 1 154609 1 18553 5120 1 172800 -1 1 9 9 64 1 -1 -1 -1
76 430994 2 172806 1 10368 12288 1 172800 -1 0 9 9 65 1 -1 -1 -1
77 431217 2 18491 4 324 256 4 43200 -1 0 11 11 66 0 -1 -1 -1
78 431466 1 7210 1 72 1024 1 7200 -1 0 12 12 66 0 -1 -1 -1
79 431853 1 2702 1 27 1024 1 7200 -1 1 13 13 66 0 -1 -1 -1
80 432282 1 7209 1 72 4096 1 7200 -1 0 12 12 66 0 -1 -1 -1
81 433366 1 252 80 0 13 80 21600 -1 0 13 13 67 1 -1 -1 -1
82 433809 2 43 1 1 1024 1 7200 -1 1 14 14 66 0 -1 -1 -1
83 433872 2 20 1 2 1024 1 7200 -1 1 14 14 68 1 -1 -1 -1
84 433874 1 20 1 0 1024 1 7200 -1 1 14 14 68 1 -1 -1 -1
85 433875 1 20 1 2 1024 1 7200 -1 1 14 14 68 1 -1 -1 -1
86 433910 1 21 1 3 1024 1 7200 -1 1 14 14 68 1 -1 -1 -1
87 433910 1 21 1 3 1024 1 7200 -1 1 14 14 68 1 -1 -1 -1
88 433911 2 20 1 2 1024 1 7200 -1 1 14 14 68 1 -1 -1 -1
89 433912 1 20 1 2 1024 1 7200 -1 1 14 14 68 1 -1 -1 -1
90 433912 2 22 1 4 2048 1 7200 -1 1 14 14 68 1 -1 -1 -1
91 433913 1 22 1 4 2048 1 7200 -1 1 14 14 68 1 -1 -1 -1
92 433913 1 22 1 4 2048 1 7200 -1 1 14 14 68 1 -1 -1 -1
93 433914 2 21 1 3 1024 1 7200 -1 1 14 14 68 1 -1 -1 -1
94 433914 2 21 1 3 1024 1 7200 -1 1 14 14 68 1 -1 -1 -1
95 433938 1 8301 1 332 14336 1 43200 -1 0 15 15 66 0 -1 -1 -1
96 434439 1 1749 80 27 23808 80 21600 -1 1 13 13 67 1 -1 -1 -1
97 434723 1 11 1 0 0 1 7200 -1 1 14 14 69 1 -1 -1 -1
98 434725 1 11 1 6 4096 1 7200 -1 1 14 14 69 1 -1 -1 -1
99 434726 1 12 1 6 4096 1 7200 -1 1 14 14 69 1 -1 -1 -1
100 434727 2 11 1 6 4096 1 7200 -1 1 14 14 69 1 -1 -1 -1
101 434729 1 11 1 6 4096 1 7200 -1 1 14 14 69 1 -1 -1 -1
102 434730 0 11 1 6 4096 1 7200 -1 1 14 14 69 1 -1 -1 -1
103 434834 1 10 1 0 0 1 7200 -1 1 14 14 69 1 -1 -1 -1
104 435069 1 584 1 543 1298432 1 259200 -1 1 15 15 70 1 -1 -1 -1
105 435075 1 599 1 593 1385472 1 259200 -1 1 15 15 71 1 -1 -1 -1
106 435081 1 593 1 587 1377280 1 259200 -1 1 15 15 72 1 -1 -1 -1
107 435150 1 1042 1 1042 1234944 1 259200 -1 1 15 15 73 1 -1 -1 -1
108 435156 2 1119 1 1119 1412096 1 259200 -1 1 15 15 74 1 -1 -1 -1
109 435162 2 1451 1 1436 2202624 1 259200 -1 1 15 15 75 1 -1 -1 -1
110 435179 1 1091 1 753 2484224 1 259200 -1 1 15 15 76 1 -1 -1 -1
111 435185 1 3889 1 3306 3723264 1 259200 -1 1 15 15 77 1 -1 -1 -1
112 435242 1 6356 1 4004 1662976 1 259200 -1 1 15 15 78 1 -1 -1 -1
113 435249 1 6311 1 3976 1730560 1 259200 -1 1 15 15 79 1 -1 -1 -1
114 435357 2 894 12 884 183808 12 36000 -1 1 16 16 80 1 -1 -1 -1
115 435829 1 161 1 2 1024 1 7200 -1 1 14 14 66 0 -1 -1 -1
116 436205 1 7211 1 72 1024 1 7200 -1 0 13 13 66 0 -1 -1 -1
117 437527 1 2396 60 71 47565 60 21600 -1 1 13 13 67 1 -1 -1 -1
118 438107 1 17 24 0 2432 24 432000 -1 0 5 5 5 1 -1 -1 -1
119 438241 1 171 24 35 46165 24 432000 -1 0 5 5 5 1 -1 -1 -1
120 438592 1 232 12 53 13483 12 3600 -1 1 1 1 1 1 -1 -1 -1
121 439430 1 234 12 57 14421 12 3600 -1 1 1 1 1 1 -1 -1 -1
122 439478 2 7205 1 6412 5090304 1 7200 -1 0 12 12 66 0 -1 -1 -1
123 439611 1 101 12 94 87040 12 36000 -1 0 16 16 81 1 -1 -1 -1
124 439647 1 7204 1 1729 321536 1 7200 -1 0 12 12 66 0 -1 -1 -1
125 439714 1 204 12 193 98219 12 36000 -1 1 16 16 81 1 -1 -1 -1
126 439734 1 352 12 346 117504 12 36000 -1 1 16 16 80 1 -1 -1 -1
127 439741 1 6544 1 4777 2548736 1 259200 -1 1 15 15 82 1 -1 -1 -1
128 439749 1 6363 1 4709 2607104 1 259200 -1 1 15 15 78 1 -1 -1 -1
129 439756 1 714 1 714 1583104 1 259200 -1 1 15 15 79 1 -1 -1 -1
130 439762 2 747 1 740 1020928 1 259200 -1 1 15 15 76 1 -1 -1 -1
131 439769 2 885 1 876 1457152 1 259200 -1 1 15 15 77 1 -1 -1 -1
132 439775 1 3921 1 3843 3329024 1 259200 -1 1 15 15 83 1 -1 -1 -1
133 439787 1 615 1 609 1345536 1 259200 -1 1 15 15 70 1 -1 -1 -1
134 439793 1 646 1 627 1329152 1 259200 -1 1 15 15 71 1 -1 -1 -1
135 439798 1 637 1 624 1354752 1 259200 -1 1 15 15 72 1 -1 -1 -1
136 439806 2 4255 4 1021 227584 4 43200 -1 1 17 17 84 2 -1 -1 -1
137 439807 1 4184 4 1036 236544 4 43200 -1 1 17 17 85 2 -1 -1 -1
138 439807 1 4202 4 1040 235776 4 43200 -1 1 17 17 86 2 -1 -1 -1
139 439807 1 1904 4 466 84992 4 43200 -1 1 17 17 87 2 -1 -1 -1
140 439808 2 2211 4 536 96512 4 43200 -1 1 17 17 88 2 -1 -1 -1
141 439808 2 2191 4 537 97792 4 43200 -1 1 17 17 89 2 -1 -1 -1
142 439808 2 4460 4 1070 242176 4 43200 -1 1 17 17 90 2 -1 -1 -1
143 439809 1 4356 4 1045 237824 4 43200 -1 1 17 17 91 2 -1 -1 -1
144 439815 2 1017 1 1007 1405952 1 259200 -1 1 15 15 73 1 -1 -1 -1
145 439819 1 1305 1 1305 2350080 1 259200 -1 1 15 15 74 1 -1 -1 -1
146 439824 1 1381 1 1381 2269184 1 259200 -1 1 15 15 75 1 -1 -1 -1
147 439889 1 230 12 57 14677 12 3600 -1 1 1 1 1 1 -1 -1 -1
148 440088 1 10 1 5 4096 1 7200 -1 1 14 14 92 1 -1 -1 -1
149 440146 2 722 1 419 4096 1 7200 -1 0 14 14 93 1 -1 -1 -1
150 440850 1 6372 80 311 91149 80 21600 -1 1 13 13 94 1 -1 -1 -1
151 441252 1 19760 80 1689 153114 80 21600 -1 0 13 13 95 1 -1 -1 -1
152 442473 1 179 24 38 47915 24 432000 -1 1 5 5 5 1 -1 -1 -1
153 444090 1 178 24 39 48853 24 432000 -1 1 5 5 5 1 -1 -1 -1
154 444562 2 613 24 78 32299 24 432000 -1 0 5 5 5 1 -1 -1 -1
155 444837 1 6034 36 1530 53732 36 432000 -1 1 2 2 96 1 -1 -1 -1
156 444894 1 56 1 3 1024 1 7200 -1 1 14 14 66 0 -1 -1 -1
157 444952 1 109 1 19 2048 1 7200 -1 1 14 14 66 0 -1 -1 -1
158 445026 1 1322 36 425 25060 36 432000 -1 1 2 2 97 1 -1 -1 -1
159 445062 1 46 1 6 1024 1 7200 -1 1 14 14 66 0 -1 -1 -1
160 445089 1 15907 1 1909 63488 1 43200 -1 1 15 15 66 0 -1 -1 -1
161 445110 2 4626 1 1064 2048 1 7200 -1 0 14 14 66 0 -1 -1 -1
162 445539 2 179 24 37 47531 24 432000 -1 1 5 5 5 1 -1 -1 -1
163 445700 1 193 20 1 51 20 7200 -1 0 13 13 94 1 -1 -1 -1
164 445704 2 191 20 0 51 20 7200 -1 0 13 13 95 1 -1 -1 -1
165 445829 1 432005 24 2520 13867 24 432000 -1 0 5 5 5 1 -1 -1 -1
166 445918 2 504 20 4 51 20 7200 -1 1 13 13 98 1 -1 -1 -1
167 445927 1 485 20 1 51 20 7200 -1 1 13 13 99 1 -1 -1 -1
168 446349 1 1076 1 11 1024 1 7200 -1 1 13 13 66 0 -1 -1 -1
169 446487 1 938 1 919 1559552 1 259200 -1 1 15 15 76 1 -1 -1 -1
170 446492 1 2652 1 2519 3494912 1 259200 -1 1 15 15 77 1 -1 -1 -1
171 446697 1 3210 1 3210 5976064 1 7200 -1 1 12 12 66 0 -1 -1 -1
172 446715 1 49 1 1 1024 1 900 -1 1 18 18 66 0 -1 -1 -1
173 447351 2 7 4 0 256 4 900 -1 1 18 18 100 1 -1 -1 -1
174 447401 1 4 4 0 0 4 3600 -1 1 18 18 100 1 -1 -1 -1
175 447611 1 970 1 10 1024 1 7200 -1 1 9 9 66 0 -1 -1 -1
176 447911 2 5425 1 3255 543744 1 7200 -1 1 12 12 66 0 -1 -1 -1
177 447973 1 6178 1 62 1024 1 7200 -1 1 19 19 66 0 -1 -1 -1
178 448348 2 3539 1 3539 3546112 1 259200 -1 1 15 15 76 1 -1 -1 -1
179 448987 1 81 1 4 2048 1 900 -1 0 18 18 66 0 -1 -1 -1
180 449399 1 181 1 4 2048 1 900 -1 1 18 18 66 0 -1 -1 -1
181 449738 1 65 4 14 12032 4 60 -1 0 18 18 100 1 -1 -1 -1
182 449818 1 3382 1 3382 2745344 1 259200 -1 1 15 15 77 1 -1 -1 -1
183 449977 1 7211 1 72 1024 1 7200 -1 0 20 20 66 0 -1 -1 -1
184 450152 1 2056 4 509 13824 4 432000 -1 0 18 18 100 1 -1 -1 -1
185 450969 2 86403 6 1872 13483 6 86400 -1 0 10 10 41 1 -1 -1 -1
186 451566 2 303 4 73 13312 4 86400 -1 0 18 18 100 1 -1 -1 -1
187 452841 1 548 1 543 1344512 1 259200 -1 1 15 15 101 1 -1 -1 -1
188 452846 1 1305 1 1305 2345984 1 259200 -1 1 15 15 102 1 -1 -1 -1
189 453283 1 131 1 101 2132992 1 7200 -1 1 12 12 66 0 -1 -1 -1
190 453338 2 500 12 208 729003 12 432000 -1 1 12 12 103 1 -1 -1 -1
191 453428 2 195 80 0 13 80 7200 -1 1 13 13 99 1 -1 -1 -1
192 453444 1 146 80 0 13 80 7200 -1 1 13 13 98 1 -1 -1 -1
193 453752 1 80334 4 2611 15616 4 86400 -1 1 18 18 104 1 -1 -1 -1
194 453804 1 86412 4 2808 15616 4 86400 -1 0 18 18 105 1 -1 -1 -1
195 453832 1 1813 4 449 13824 4 86400 -1 1 18 18 106 1 -1 -1 -1
196 453858 1 1788 4 443 13824 4 86400 -1 1 18 18 107 1 -1 -1 -1
197 453880 1 16086 4 1448 14848 4 86400 -1 1 18 18 108 1 -1 -1 -1
198 453900 1 86418 4 2809 15616 4 86400 -1 0 18 18 109 1 -1 -1 -1
199 453923 2 86415 4 2808 15616 4 86400 -1 0 18 18 110 1 -1 -1 -1
200 453944 1 86418 4 2809 15616 4 86400 -1 0 18 18 111 1 -1 -1 -1
201 454033 1 30118 1 30118 2048 1 172800 -1 1 9 9 112 1 -1 -1 -1
202 454033 1 29463 1 29463 2048 1 172800 -1 1 9 9 113 1 -1 -1 -1
203 454034 2 28797 1 28797 2048 1 172800 -1 1 9 9 114 1 -1 -1 -1
204 454034 2 28021 1 28021 2048 1 172800 -1 1 9 9 115 1 -1 -1 -1
205 454034 2 6 1 0 0 1 172800 -1 1 9 9 116 1 -1 -1 -1
206 454034 2 6 1 0 0 1 172800 -1 1 9 9 117 1 -1 -1 -1
207 454035 1 27676 1 27676 2048 1 172800 -1 1 9 9 118 1 -1 -1 -1
208 454035 3 27056 1 27056 2048 1 172800 -1 1 9 9 119 1 -1 -1 -1
209 454035 3 26439 1 26439 2048 1 172800 -1 1 9 9 120 1 -1 -1 -1
210 454036 2 25771 1 25771 2048 1 172800 -1 1 9 9 121 1 -1 -1 -1
211 454036 2 6 1 0 0 1 172800 -1 1 9 9 122 1 -1 -1 -1
212 454036 2 6 1 0 0 1 172800 -1 1 9 9 123 1 -1 -1 -1
213 454308 2 1337 1 1337 2281472 1 259200 -1 1 15 15 102 1 -1 -1 -1
214 454308 2 32213 1 32213 2048 1 259200 -1 1 9 9 124 1 -1 -1 -1
215 454309 1 31805 1 31805 2048 1 259200 -1 1 9 9 125 1 -1 -1 -1
216 454309 2 33934 1 33934 2048 1 259200 -1 1 9 9 126 1 -1 -1 -1
217 454310 1 33547 1 33547 2048 1 259200 -1 1 9 9 127 1 -1 -1 -1
218 455971 1 3822 12 443 68096 12 259200 -1 1 8 8 14 1 -1 -1 -1
219 455976 2 12536 12 1891 192597 12 259200 -1 0 8 8 15 1 -1 -1 -1
220 456211 1 2686 1 81 104448 1 7200 -1 1 20 20 66 0 -1 -1 -1
221 457210 1 150 12 138 573867 12 259200 -1 0 3 3 128 1 -1 -1 -1
222 459357 2 347194 24 1302 4608 24 432000 -1 0 5 5 7 1 -1 -1 -1
223 459909 1 17856 1 15178 1112064 1 43200 -1 1 21 21 66 0 -1 -1 -1
224 459993 1 346400 24 1732 6656 24 432000 -1 0 5 5 7 1 -1 -1 -1
225 460078 2 17681 1 707 1024 1 43200 -1 1 21 21 66 0 -1 -1 -1
226 460351 1 1032 1 1022 1425408 1 259200 -1 1 15 15 74 1 -1 -1 -1
227 460357 1 1402 1 1374 2334720 1 259200 -1 1 15 15 75 1 -1 -1 -1
228 460424 2 546 1 5 1024 1 7200 -1 1 13 13 66 0 -1 -1 -1
229 460976 1 21 1 1 1024 1 7200 -1 1 13 13 66 0 -1 -1 -1
230 460988 1 2 32 0 0 32 432000 -1 1 22 22 9 1 -1 -1 -1
231 461292 1 432011 24 2520 12416 24 432000 -1 0 5 5 5 1 -1 -1 -1
232 461299 2 28804 60 5842 343040 60 28800 -1 0 13 13 67 1 -1 -1 -1
233 461526 1 5973 1 1792 44032 1 7200 -1 1 16 16 66 0 -1 -1 -1
234 461623 1 219826 24 1099 6613 24 432000 -1 1 5 5 6 1 -1 -1 -1
235 461749 1 7588 12 2074 2133675 12 14400 -1 0 20 20 66 0 -1 -1 -1
236 461913 1 1472 60 33 37751 60 28800 -1 1 13 13 94 1 -1 -1 -1
237 462172 300 28761 60 4674 291345 60 28749 -1 0 13 13 95 1 -1 -1 -1
238 462200 1 1210 1 1198 1518592 1 259200 -1 1 15 15 75 1 -1 -1 -1
239 462238 2 1503 1 1488 2208768 1 259200 -1 1 15 15 75 1 -1 -1 -1
240 462281 14843 28507 56 4897 298807 56 28497 -1 0 13 13 129 1 -1 -1 -1
241 462590 22001 5499 56 5 146 56 17670 -1 1 13 13 130 1 -1 -1 -1
242 462625 25549 3291 52 3 276 52 17687 -1 1 13 13 98 1 -1 -1 -1
243 462651 36015 5629 60 3 68 60 17995 -1 1 13 13 99 1 -1 -1 -1
244 462664 39628 5204 60 3 85 60 17969 -1 1 13 13 131 1 -1 -1 -1
245 462743 1 2507 1 25 1024 1 7200 -1 1 20 20 66 0 -1 -1 -1
246 463301 1 154 43 14 378475 43 432000 -1 1 22 22 9 1 -1 -1 -1
247 463327 2 3508 1 2596 141312 1 7200 -1 1 16 16 66 0 -1 -1 -1
248 463984 1 1266 1 1266 2285568 1 259200 -1 1 15 15 132 1 -1 -1 -1
249 465494 1 1264 1 1264 2276352 1 259200 -1 1 15 15 75 1 -1 -1 -1
250 466902 1 1232 1 1220 2110464 1 259200 -1 1 15 15 75 1 -1 -1 -1
251 467199 1 65861 4 15971 13824 4 345600 -1 1 4 4 133 1 -1 -1 -1
252 467298 2 1279 1 1266 2206720 1 259200 -1 1 15 15 74 1 -1 -1 -1
253 468007 1 961 24 12 160896 24 43200 -1 1 16 16 66 0 -1 -1 -1
254 468533 2 2299 12 316 125611 12 259200 -1 0 8 8 15 1 -1 -1 -1
255 468581 1 1355 1 1341 2166784 1 259200 -1 1 15 15 134 1 -1 -1 -1
256 468587 2 3054 1 3023 1370112 1 259200 -1 1 15 15 135 1 -1 -1 -1
257 468591 1 813 1 805 1434624 1 259200 -1 1 15 15 136 1 -1 -1 -1
258 468595 1 3054 1 3023 2208768 1 259200 -1 1 15 15 137 1 -1 -1 -1
259 468713 1 1253 1 1240 2257920 1 259200 -1 1 15 15 74 1 -1 -1 -1
260 470607 1 1072 1 1061 1413120 1 259200 -1 1 15 15 73 1 -1 -1 -1
261 470614 1 1358 1 1344 2174976 1 259200 -1 1 15 15 74 1 -1 -1 -1
262 470618 1 1256 1 1243 2244608 1 259200 -1 1 15 15 75 1 -1 -1 -1
263 470627 1 329 24 156 546603 24 432000 -1 1 16 16 138 1 -1 -1 -1
264 470849 1 1650 12 10 2048 12 43200 -1 1 8 8 66 0 -1 -1 -1
265 471544 1 192 144 10 15296 144 432000 -1 1 16 16 138 1 -1 -1 -1
266 472113 2 67029 1 12065 592896 1 259200 -1 1 15 15 136 1 -1 -1 -1
267 472117 2 67396 1 12131 543744 1 259200 -1 1 15 15 137 1 -1 -1 -1
268 472540 1 568 6 91 39595 6 172800 -1 1 8 8 139 1 -1 -1 -1
269 472550 1 570 6 92 39936 6 172800 -1 1 8 8 140 1 -1 -1 -1
270 472561 1 506 6 62 28672 6 172800 -1 1 8 8 141 1 -1 -1 -1
271 472571 1 477 6 66 37717 6 172800 -1 1 8 8 142 1 -1 -1 -1
272 472582 1 481 6 62 33621 6 172800 -1 1 8 8 143 1 -1 -1 -1
273 472592 1 506 6 62 29867 6 172800 -1 1 8 8 144 1 -1 -1 -1
274 472603 1 461 6 55 28672 6 172800 -1 1 8 8 145 1 -1 -1 -1
275 472613 1 413 6 43 25429 6 172800 -1 1 8 8 146 1 -1 -1 -1
276 472624 1 462 6 53 27989 6 172800 -1 1 8 8 147 1 -1 -1 -1
277 472634 1 451 6 48 25259 6 172800 -1 1 8 8 148 1 -1 -1 -1
278 472645 1 447 6 57 30208 6 172800 -1 1 8 8 149 1 -1 -1 -1
279 472655 1 422 6 44 24747 6 172800 -1 1 8 8 150 1 -1 -1 -1
280 472666 1 402 6 44 25429 6 172800 -1 1 8 8 151 1 -1 -1 -1
281 472676 1 405 6 36 20651 6 172800 -1 1 8 8 152 1 -1 -1 -1
282 472687 1 378 6 35 20821 6 172800 -1 1 8 8 153 1 -1 -1 -1
283 472697 1 401 6 35 19968 6 172800 -1 1 8 8 154 1 -1 -1 -1
284 472708 1 422 6 39 21333 6 172800 -1 1 8 8 155 1 -1 -1 -1
285 472718 2 409 6 32 17749 6 172800 -1 1 8 8 156 1 -1 -1 -1
286 472729 1 361 6 25 14848 6 172800 -1 1 8 8 157 1 -1 -1 -1
287 472739 2 358 6 24 13995 6 172800 -1 1 8 8 158 1 -1 -1 -1
288 472750 1 357 6 26 15701 6 172800 -1 1 8 8 159 1 -1 -1 -1
289 472760 2 358 6 23 13312 6 172800 -1 1 8 8 160 1 -1 -1 -1
290 472771 1 335 6 17 9899 6 172800 -1 1 8 8 161 1 -1 -1 -1
291 472781 2 304 6 13 8533 6 172800 -1 1 8 8 162 1 -1 -1 -1
292 472792 1 303 6 11 6997 6 172800 -1 1 8 8 163 1 -1 -1 -1
293 472802 2 291 6 9 5803 6 172800 -1 1 8 8 164 1 -1 -1 -1
294 472813 1 288 6 9 5461 6 172800 -1 1 8 8 165 1 -1 -1 -1
295 472823 2 275 6 6 3413 6 172800 -1 1 8 8 166 1 -1 -1 -1
296 472834 1 271 6 5 2901 6 172800 -1 1 8 8 167 1 -1 -1 -1
297 472845 1 286 6 4 1877 6 172800 -1 1 8 8 168 1 -1 -1 -1
298 472855 1 263 6 3 1024 6 172800 -1 1 8 8 169 1 -1 -1 -1
299 472866 1 249 6 2 1195 6 172800 -1 1 8 8 170 1 -1 -1 -1
300 472876 1 218 6 3 1877 6 172800 -1 1 8 8 171 1 -1 -1 -1
301 472887 1 233 6 2 1195 6 172800 -1 1 8 8 172 1 -1 -1 -1
302 472897 1 208 6 2 1024 6 172800 -1 1 8 8 173 1 -1 -1 -1
303 472908 1 211 6 2 853 6 172800 -1 1 8 8 174 1 -1 -1 -1
304 472914 1 117 32 14 32128 32 432000 -1 1 22 22 9 1 -1 -1 -1
305 472918 2 205 6 2 853 6 172800 -1 1 8 8 175 1 -1 -1 -1
306 472929 1 220 6 4 2731 6 172800 -1 1 8 8 176 1 -1 -1 -1
307 472939 2 220 6 4 2731 6 172800 -1 1 8 8 177 1 -1 -1 -1
308 472950 1 220 6 4 2560 6 172800 -1 1 8 8 178 1 -1 -1 -1
309 472960 2 200 6 4 2560 6 172800 -1 1 8 8 179 1 -1 -1 -1
310 472971 1 235 6 4 2048 6 172800 -1 1 8 8 180 1 -1 -1 -1
311 472981 2 230 6 3 1536 6 172800 -1 1 8 8 181 1 -1 -1 -1
312 472992 1 218 6 3 1365 6 172800 -1 1 8 8 182 1 -1 -1 -1
313 473003 1 231 6 5 2560 6 172800 -1 1 8 8 183 1 -1 -1 -1
314 473013 1 190 6 3 1877 6 172800 -1 1 8 8 184 1 -1 -1 -1
315 473024 1 105 6 0 171 6 172800 -1 1 8 8 185 1 -1 -1 -1
316 473034 1 94 6 0 171 6 172800 -1 1 8 8 186 1 -1 -1 -1
317 473045 1 39 6 0 171 6 172800 -1 1 8 8 187 1 -1 -1 -1
318 473374 2 77 12 0 85 12 43200 -1 1 8 8 66 0 -1 -1 -1
319 473469 1 1545 12 111 17152 12 259200 -1 1 8 8 139 1 -1 -1 -1
320 473479 1 1245 12 86 18005 12 259200 -1 1 8 8 140 1 -1 -1 -1
321 473490 1 838 12 57 16299 12 259200 -1 1 8 8 141 1 -1 -1 -1
322 473500 2 1116 12 80 18091 12 259200 -1 1 8 8 142 1 -1 -1 -1
323 473511 1 1237 12 86 19883 12 259200 -1 1 8 8 143 1 -1 -1 -1
324 473521 2 1300 12 93 20821 12 259200 -1 1 8 8 144 1 -1 -1 -1
325 473532 1 1137 12 80 18859 12 259200 -1 1 8 8 145 1 -1 -1 -1
326 473542 2 1018 12 70 17408 12 259200 -1 1 8 8 146 1 -1 -1 -1
327 473553 1 1125 12 79 18773 12 259200 -1 1 8 8 147 1 -1 -1 -1
328 473563 2 1045 12 72 17579 12 259200 -1 1 8 8 148 1 -1 -1 -1
329 473574 1 1048 12 72 17664 12 259200 -1 1 8 8 149 1 -1 -1 -1
330 473584 2 987 12 67 18261 12 259200 -1 1 8 8 150 1 -1 -1 -1
331 473595 1 931 12 61 17237 12 259200 -1 1 8 8 151 1 -1 -1 -1
332 473605 2 909 12 59 16128 12 259200 -1 1 8 8 152 1 -1 -1 -1
333 473616 1 790 12 47 14848 12 259200 -1 1 8 8 153 1 -1 -1 -1
334 473626 2 860 12 53 14848 12 259200 -1 1 8 8 154 1 -1 -1 -1
335 473637 1 950 12 67 18176 12 259200 -1 1 8 8 155 1 -1 -1 -1
336 473647 2 896 12 63 17664 12 259200 -1 1 8 8 156 1 -1 -1 -1
337 473658 1 809 12 53 16128 12 259200 -1 1 8 8 157 1 -1 -1 -1
338 473668 2 828 12 55 15957 12 259200 -1 1 8 8 158 1 -1 -1 -1
339 473679 1 823 12 54 15445 12 259200 -1 1 8 8 159 1 -1 -1 -1
340 473689 2 849 12 52 15957 12 259200 -1 1 8 8 160 1 -1 -1 -1
341 473700 1 679 12 40 13739 12 259200 -1 1 8 8 161 1 -1 -1 -1
342 473711 1 642 12 33 11776 12 259200 -1 1 8 8 162 1 -1 -1 -1
343 473721 1 599 12 25 9643 12 259200 -1 1 8 8 163 1 -1 -1 -1
344 473731 2 589 12 26 10155 12 259200 -1 1 8 8 164 1 -1 -1 -1
345 473742 1 593 12 24 8875 12 259200 -1 1 8 8 165 1 -1 -1 -1
346 473753 1 557 12 22 9045 12 259200 -1 1 8 8 166 1 -1 -1 -1
347 473763 1 535 12 17 6912 12 259200 -1 1 8 8 167 1 -1 -1 -1
348 473774 1 542 12 19 8107 12 259200 -1 1 8 8 168 1 -1 -1 -1
349 473784 1 478 12 11 5035 12 259200 -1 1 8 8 169 1 -1 -1 -1
350 473795 1 438 12 4 1963 12 259200 -1 1 8 8 170 1 -1 -1 -1
351 473805 1 414 12 5 2731 12 259200 -1 1 8 8 171 1 -1 -1 -1
352 473816 1 412 12 3 1792 12 259200 -1 1 8 8 172 1 -1 -1 -1
353 473826 1 381 12 1 597 12 259200 -1 1 8 8 173 1 -1 -1 -1
354 473836 2 382 12 1 427 12 259200 -1 1 8 8 174 1 -1 -1 -1
355 473847 1 376 12 1 256 12 259200 -1 1 8 8 175 1 -1 -1 -1
356 473857 2 381 12 5 3243 12 259200 -1 1 8 8 176 1 -1 -1 -1
357 473868 1 342 12 0 85 12 259200 -1 1 8 8 177 1 -1 -1 -1
358 473878 2 308 12 0 85 12 259200 -1 1 8 8 178 1 -1 -1 -1
359 473889 1 272 12 0 85 12 259200 -1 1 8 8 179 1 -1 -1 -1
360 473899 2 248 12 0 85 12 259200 -1 1 8 8 180 1 -1 -1 -1
361 473910 1 234 12 0 85 12 259200 -1 1 8 8 181 1 -1 -1 -1
362 473921 1 215 12 0 85 12 259200 -1 1 8 8 182 1 -1 -1 -1
363 473931 1 190 12 0 85 12 259200 -1 1 8 8 183 1 -1 -1 -1
364 473942 1 162 12 0 85 12 259200 -1 1 8 8 184 1 -1 -1 -1
365 473952 155 101 12 0 85 12 259200 -1 1 8 8 185 1 -1 -1 -1
366 473963 160 98 12 0 85 12 259200 -1 1 8 8 186 1 -1 -1 -1
367 473973 166 33 12 0 85 12 259200 -1 1 8 8 187 1 -1 -1 -1
368 473988 1 43212 8 22416 1273088 8 43200 -1 0 20 20 66 0 -1 -1 -1
369 474738 2 4423 4 1050 237312 4 43200 -1 1 17 17 188 2 -1 -1 -1
370 474795 1 4223 4 1045 243200 4 43200 -1 1 17 17 189 2 -1 -1 -1
371 474795 1 2326 4 558 128512 4 43200 -1 0 17 17 190 2 -1 -1 -1
372 474795 1 2322 4 534 86528 4 43200 -1 1 17 17 191 2 -1 -1 -1
373 474796 0 2142 4 525 94720 4 43200 -1 1 17 17 192 2 -1 -1 -1
374 474796 2 2480 4 577 93440 4 43200 -1 1 17 17 193 2 -1 -1 -1
375 474796 2 2324 4 540 87552 4 43200 -1 0 17 17 194 2 -1 -1 -1
376 474797 1 1907 4 448 83456 4 43200 -1 1 17 17 195 2 -1 -1 -1
377 476498 1 7211 1 72 1024 1 7200 -1 0 7 7 66 0 -1 -1 -1
378 477122 2 4379 4 1051 235264 4 43200 -1 1 17 17 190 2 -1 -1 -1
379 477122 2 2585 4 601 97280 4 43200 -1 1 17 17 194 2 -1 -1 -1
380 481655 1 184 144 11 16427 144 432000 -1 1 16 16 138 1 -1 -1 -1
381 482368 1 2 25 0 0 25 3600 -1 1 23 23 196 1 -1 -1 -1
382 482828 1 2 25 0 0 25 3600 -1 1 23 23 197 1 -1 -1 -1
383 482928 1 1 25 0 0 25 3600 -1 1 23 23 198 1 -1 -1 -1
384 484238 2 1 25 0 0 25 3600 -1 1 23 23 199 1 -1 -1 -1
385 484313 1 2 25 0 0 25 3600 -1 1 23 23 200 1 -1 -1 -1
386 486122 2 7211 24 270 384 24 7200 -1 0 24 24 201 1 -1 -1 -1
387 498164 1 43209 12 72 171 12 43200 -1 0 25 25 66 0 -1 -1 -1
388 506769 1 86411 4 2592 15360 4 86400 -1 0 18 18 107 1 -1 -1 -1
389 506798 2 32470 4 2111 15104 4 86400 -1 1 18 18 108 1 -1 -1 -1
390 508920 1 39303 2 4323 618496 2 86400 -1 1 7 7 13 1 -1 -1 -1
391 509497 1 11841 80 1027 157773 80 21600 -1 0 13 13 94 1 -1 -1 -1
392 509865 1 108011 12 10801 97963 12 108000 -1 0 1 1 1 1 -1 -1 -1
393 509872 1 108004 12 10890 130731 12 108000 -1 0 1 1 1 1 -1 -1 -1
394 509878 1 108012 12 10801 170752 12 108000 -1 0 1 1 1 1 -1 -1 -1
395 510016 7368 3916 60 3 102 60 17937 -1 0 13 13 98 1 -1 -1 -1
396 513145 1 209 1 96 197632 1 43200 -1 0 15 15 66 0 -1 -1 -1
397 513173 2 189 144 10 15360 144 432000 -1 1 16 16 138 1 -1 -1 -1
398 513414 2 513 1 154 130048 1 43200 -1 0 15 15 66 0 -1 -1 -1
399 513714 1 93404 1 14011 405504 1 259200 -1 1 15 15 135 1 -1 -1 -1
400 513720 1 1220 1 1171 1350656 1 259200 -1 1 15 15 134 1 -1 -1 -1
401 513728 2 1461 1 1446 1899520 1 259200 -1 1 15 15 73 1 -1 -1 -1
402 513733 1 1003 1 993 1388544 1 259200 -1 1 15 15 74 1 -1 -1 -1
403 513737 2 1327 1 1314 2364416 1 259200 -1 1 15 15 75 1 -1 -1 -1
404 513962 1 125113 8 120890 11776 8 432000 -1 1 26 26 202 1 -1 -1 -1
405 513962 1 127477 8 123175 11776 8 432000 -1 1 26 26 203 1 -1 -1 -1
406 513963 1 126281 8 121703 11776 8 432000 -1 1 26 26 204 1 -1 -1 -1
407 513963 1 122959 8 118655 11776 8 432000 -1 1 26 26 205 1 -1 -1 -1
408 513964 0 125223 8 120840 11776 8 432000 -1 1 26 26 206 1 -1 -1 -1
409 513964 2 120996 8 116912 11776 8 432000 -1 1 26 26 207 1 -1 -1 -1
410 513965 1 121457 8 116902 11776 8 432000 -1 1 26 26 208 1 -1 -1 -1
411 513965 1 120597 8 116225 11776 8 432000 -1 1 26 26 209 1 -1 -1 -1
412 513966 1 119517 8 115185 11776 8 432000 -1 1 26 26 210 1 -1 -1 -1
413 513967 0 121012 8 116625 11776 8 432000 -1 1 26 26 211 1 -1 -1 -1
414 514112 1 53375 8 49639 10240 8 432000 -1 1 26 26 212 1 -1 -1 -1
415 514112 1 54332 8 50733 10240 8 432000 -1 1 26 26 213 1 -1 -1 -1
416 514113 1 54268 8 50537 10240 8 432000 -1 1 26 26 214 1 -1 -1 -1
417 514113 1 57517 8 49896 9728 8 432000 -1 1 26 26 215 1 -1 -1 -1
418 514114 0 57626 8 53448 10368 8 432000 -1 1 26 26 216 1 -1 -1 -1
419 514114 2 59021 8 54594 10368 8 432000 -1 1 26 26 217 1 -1 -1 -1
420 514115 1 58420 8 51483 9856 8 432000 -1 1 26 26 218 1 -1 -1 -1
421 514115 1 43859 8 40405 10112 8 432000 -1 1 26 26 219 1 -1 -1 -1
422 514116 1 44487 8 41039 10112 8 432000 -1 1 26 26 220 1 -1 -1 -1
423 514116 1 43383 8 39858 10112 8 432000 -1 1 26 26 221 1 -1 -1 -1
424 514117 0 43280 8 39872 10112 8 432000 -1 1 26 26 222 1 -1 -1 -1
425 514117 2 43381 8 39911 10112 8 432000 -1 1 26 26 223 1 -1 -1 -1
426 514118 1 44256 8 40771 10112 8 432000 -1 1 26 26 224 1 -1 -1 -1
427 514118 1 43174 8 39720 10112 8 432000 -1 1 26 26 225 1 -1 -1 -1
428 514119 2 43265 8 39912 10112 8 432000 -1 1 26 26 226 1 -1 -1 -1
429 514119 2 42517 8 39116 10112 8 432000 -1 1 26 26 227 1 -1 -1 -1
430 514120 1 42542 8 39085 10112 8 432000 -1 1 26 26 228 1 -1 -1 -1
431 514120 2 41726 8 38336 10112 8 432000 -1 1 26 26 229 1 -1 -1 -1
432 514121 1 42323 8 38831 10112 8 432000 -1 1 26 26 230 1 -1 -1 -1
433 514122 0 42019 8 38552 10112 8 432000 -1 1 26 26 231 1 -1 -1 -1
434 514122 2 42372 8 38876 10112 8 432000 -1 1 26 26 202 1 -1 -1 -1
435 514122 2 42822 8 39396 10112 8 432000 -1 1 26 26 203 1 -1 -1 -1
436 514123 1 42641 8 39230 10112 8 432000 -1 1 26 26 204 1 -1 -1 -1
437 514124 1 42985 8 39492 10112 8 432000 -1 1 26 26 205 1 -1 -1 -1
438 514124 1 42413 8 38967 10112 8 432000 -1 1 26 26 206 1 -1 -1 -1
439 514125 0 44627 8 41168 10240 8 432000 -1 1 26 26 207 1 -1 -1 -1
440 514125 2 46574 8 43023 10240 8 432000 -1 1 26 26 208 1 -1 -1 -1
441 514126 1 45179 8 41678 10240 8 432000 -1 1 26 26 209 1 -1 -1 -1
442 514126 1 45003 8 41515 10240 8 432000 -1 1 26 26 210 1 -1 -1 -1
443 514127 2 44544 8 40869 10112 8 432000 -1 1 26 26 211 1 -1 -1 -1
444 514263 1 44131 8 40545 10112 8 432000 -1 1 26 26 212 1 -1 -1 -1
445 514264 0 44227 8 40689 10112 8 432000 -1 1 26 26 213 1 -1 -1 -1
446 514264 2 45104 8 41552 10112 8 432000 -1 1 26 26 214 1 -1 -1 -1
447 514265 1 44444 8 40777 10112 8 432000 -1 1 26 26 215 1 -1 -1 -1
448 514265 1 44250 8 40821 10112 8 432000 -1 1 26 26 216 1 -1 -1 -1
449 514266 2 43802 8 40407 10112 8 432000 -1 1 26 26 217 1 -1 -1 -1
450 514266 2 44147 8 40726 10112 8 432000 -1 1 26 26 218 1 -1 -1 -1
451 514267 1 42143 8 38561 10112 8 432000 -1 1 26 26 219 1 -1 -1 -1
452 514267 2 42870 8 39387 10112 8 432000 -1 1 26 26 220 1 -1 -1 -1
453 514268 1 42080 8 38608 10112 8 432000 -1 1 26 26 221 1 -1 -1 -1
454 514471 2 93465 8 89726 11776 8 432000 -1 1 27 27 202 1 -1 -1 -1
455 514472 1 92250 8 88675 11776 8 432000 -1 1 27 27 203 1 -1 -1 -1
456 514472 2 94500 8 90838 11776 8 432000 -1 1 27 27 204 1 -1 -1 -1
457 514473 1 93053 8 89215 11776 8 432000 -1 1 27 27 205 1 -1 -1 -1
458 514474 0 93185 8 89458 11776 8 432000 -1 1 27 27 206 1 -1 -1 -1
459 514474 2 94630 8 90963 11776 8 432000 -1 1 27 27 207 1 -1 -1 -1
460 514475 1 97355 8 93582 11776 8 432000 -1 1 27 27 208 1 -1 -1 -1
461 514475 1 101838 8 98274 11776 8 432000 -1 1 27 27 209 1 -1 -1 -1
462 514476 2 101994 8 98424 11776 8 432000 -1 1 27 27 210 1 -1 -1 -1
463 514476 2 100054 8 96552 11776 8 432000 -1 1 27 27 211 1 -1 -1 -1
464 514591 1 45201 8 41867 10240 8 432000 -1 1 27 27 229 1 -1 -1 -1
465 514591 1 45528 8 42227 10240 8 432000 -1 1 27 27 230 1 -1 -1 -1
466 514592 2 45460 8 42107 10240 8 432000 -1 1 27 27 231 1 -1 -1 -1
467 514592 2 45544 8 42185 10240 8 432000 -1 1 27 27 202 1 -1 -1 -1
468 514593 1 45597 8 42177 10240 8 432000 -1 1 27 27 203 1 -1 -1 -1
469 514594 1 45633 8 42153 10240 8 432000 -1 1 27 27 204 1 -1 -1 -1
470 514594 1 45646 8 42280 10240 8 432000 -1 1 27 27 205 1 -1 -1 -1
471 514595 990 56849 8 53296 10368 8 432000 -1 1 27 27 206 1 -1 -1 -1
472 514595 990 56656 8 52973 10368 8 432000 -1 1 27 27 207 1 -1 -1 -1
473 514596 989 55807 8 52180 10368 8 432000 -1 1 27 27 208 1 -1 -1 -1
474 514597 2607 55886 8 52044 10368 8 432000 -1 1 27 27 209 1 -1 -1 -1
475 514597 6705 57369 8 53568 10368 8 432000 -1 1 27 27 210 1 -1 -1 -1
476 514598 6704 56119 8 52331 10240 8 432000 -1 1 27 27 211 1 -1 -1 -1
477 514643 6659 57854 8 54021 10240 8 432000 -1 1 27 27 212 1 -1 -1 -1
478 514644 6658 55451 8 51708 10240 8 432000 -1 1 27 27 213 1 -1 -1 -1
479 514644 6658 57304 8 53508 10240 8 432000 -1 1 27 27 214 1 -1 -1 -1
480 514644 6658 57857 8 54169 10368 8 432000 -1 1 27 27 215 1 -1 -1 -1
481 514645 6657 58546 8 54521 10240 8 432000 -1 1 27 27 216 1 -1 -1 -1
482 514645 6657 59162 8 55243 10368 8 432000 -1 1 27 27 217 1 -1 -1 -1
483 514646 6696 55927 8 52432 10368 8 432000 -1 1 27 27 218 1 -1 -1 -1
484 514647 6695 27794 8 26057 10368 8 432000 -1 1 27 27 219 1 -1 -1 -1
485 514647 6695 56340 8 52678 10368 8 432000 -1 1 27 27 220 1 -1 -1 -1
486 514648 6694 25432 8 23525 10240 8 432000 -1 1 27 27 221 1 -1 -1 -1
487 514648 13863 43845 8 40283 10112 8 432000 -1 1 27 27 222 1 -1 -1 -1
488 514649 16277 43554 8 40015 10112 8 432000 -1 1 27 27 223 1 -1 -1 -1
489 514649 16384 44276 8 40789 10112 8 432000 -1 1 27 27 224 1 -1 -1 -1
490 514649 16384 43726 8 40228 10112 8 432000 -1 1 27 27 225 1 -1 -1 -1
491 514650 19581 44207 8 40560 10112 8 432000 -1 1 27 27 226 1 -1 -1 -1
492 514650 19688 44617 8 40992 10112 8 432000 -1 1 27 27 227 1 -1 -1 -1
493 514651 19687 43949 8 40488 10112 8 432000 -1 1 27 27 228 1 -1 -1 -1
494 514652 32249 54601 8 50984 10368 8 432000 -1 1 27 27 229 1 -1 -1 -1
495 514652 34486 57337 8 53252 10240 8 432000 -1 1 27 27 230 1 -1 -1 -1
496 514653 35189 42483 8 38872 10112 8 432000 -1 1 27 27 231 1 -1 -1 -1
497 514653 35189 41836 8 38332 10112 8 432000 -1 1 27 27 202 1 -1 -1 -1
498 514654 35188 42368 8 38820 10112 8 432000 -1 1 27 27 203 1 -1 -1 -1
499 514654 35221 41720 8 38330 10112 8 432000 -1 1 27 27 204 1 -1 -1 -1
500 514655 35220 41789 8 38341 10112 8 432000 -1 1 27 27 205 1 -1 -1 -1
