1 0 477768 35541 160 32096 89734 160 108000 -1 1 1 1 1 1 -1 -1 -1
2 83558 1 432024 36 1320 7566 36 432000 -1 0 2 2 2 1 -1 -1 -1
3 195861 1 278442 64 278442 34640 64 432000 -1 1 3 3 3 1 -1 -1 -1
4 278659 2 268225 4 4023 4864 4 345600 -1 1 4 4 4 1 -1 -1 -1
5 339016 1 305581 24 1783 14805 24 432000 -1 0 5 5 5 1 -1 -1 -1
6 339299 1 214651 24 358 2560 24 432000 -1 1 5 5 6 1 -1 -1 -1
7 340144 1 432006 24 720 2005 24 432000 -1 0 5 5 7 1 -1 -1 -1
8 340462 2 370083 24 925 4565 24 432000 -1 0 5 5 7 1 -1 -1 -1
9 352289 2 109634 36 1066 50887 36 432000 -1 1 2 2 8 1 -1 -1 -1
10 352352 1 98910 36 22310 44487 36 432000 -1 1 2 2 8 1 -1 -1 -1
